t,Fx,Fy,Fz,Mx,My,Mz,Rx,Ry,Rz
0.008,0,0,0,0,0,0,0,0.0735,0
0.016,0,0,0,0,0,0,0,0.0735,0
0.024,0,0,0,0,0,0,0,0.0735,0
0.032,0,0,0,0,0,0,0,0.0735,0
0.04,0,0,0,0,0,0,0,0.0735,0
0.048,0,0,0,0,0,0,0,0.0735,0
0.056,0,0,0,0,0,0,0,0.0735,0
0.064,0,0,0,0,0,0,0,0.0735,0
0.072,0,0,0,0,0,0,0,0.0735,0
0.08,0,0,0,0,0,0,0,0.0735,0
0.088,0,0,0,0,0,0,0,0.0735,0
0.096,0,0,0,0,0,0,0,0.0735,0
0.104,0,0,0,0,0,0,0,0.0735,0
0.112,0,0,0,0,0,0,0,0.0735,0
0.12,0,0,0,0,0,0,0,0.0735,0
0.128,0,0,0,0,0,0,0,0.0735,0
0.136,0,0,0,0,0,0,0,0.0735,0
0.144,0,0,0,0,0,0,0,0.0735,0
0.152,0,0,0,0,0,0,0,0.0735,0
0.16,0,0,0,0,0,0,0,0.0735,0
0.168,0,0,0,0,0,0,0,0.0735,0
0.176,0,0,0,0,0,0,0,0.0735,0
0.184,0,0,0,0,0,0,0,0.0735,0
0.192,0,0,0,0,0,0,0,0.0735,0
0.2,0,0,0,0,0,0,0,0.0735,0
0.208,0,0,0,0,0,0,0,0.0735,0
0.216,0,0,0,0,0,0,0,0.0735,0
0.224,0,0,0,0,0,0,0,0.0735,0
0.232,0,0,0,0,0,0,0,0.0735,0
0.24,0,0,0,0,0,0,0,0.0735,0
0.248,0,0,0,0,0,0,0,0.0735,0
0.256,0,0,0,0,0,0,0,0.0735,0
0.264,0,0,0,0,0,0,0,0.0735,0
0.272,0,0,0,0,0,0,0,0.0735,0
0.28,0,0,0,0,0,0,0,0.0735,0
0.288,0,0,0,0,0,0,0,0.0735,0
0.296,0,0,0,0,0,0,0,0.0735,0
0.304,0,0,0,0,0,0,0,0.0735,0
0.312,0,0,0,0,0,0,0,0.0735,0
0.32,0,0,0,0,0,0,0,0.0735,0
0.328,0,0,0,0,0,0,0,0.0735,0
0.336,0,0,0,0,0,0,0,0.0735,0
0.344,0,0,0,0,0,0,0,0.0735,0
0.352,0,0,0,0,0,0,0,0.0735,0
0.36,0,0,0,0,0,0,0,0.0735,0
0.368,0,0,0,0,0,0,0,0.0735,0
0.376,0,0,0,0,0,0,0,0.0735,0
0.384,0,0,0,0,0,0,0,0.0735,0
0.392,0,0,0,0,0,0,0,0.0735,0
0.4,0,0,0,0,0,0,0,0.0735,0
0.408,0,0,0,0,0,0,0,0.0735,0
0.416,0,0,0,0,0,0,0,0.0735,0
0.424,0,0,0,0,0,0,0,0.0735,0
0.432,0,0,0,0,0,0,0,0.0735,0
0.44,0,0,0,0,0,0,0,0.0735,0
0.448,0,0,0,0,0,0,0,0.0735,0
0.456,0,0,0,0,0,0,0,0.0735,0
0.464,0,0,0,0,0,0,0,0.0735,0
0.472,0,0,0,0,0,0,0,0.0735,0
0.48,0,0,0,0,0,0,0,0.0735,0
0.488,0,0,0,0,0,0,0,0.0735,0
0.496,0,0,0,0,0,0,0,0.0735,0
0.504,0,0,0,0,0,0,0,0.0735,0
0.512,0,0,0,0,0,0,0,0.0735,0
0.52,0,0,0,0,0,0,0,0.0735,0
0.528,0,0,0,0,0,0,0,0.0735,0
0.536,0,0,0,0,0,0,0,0.0735,0
0.544,0,0,0,0,0,0,0,0.0735,0
0.552,0,0,0,0,0,0,0,0.0735,0
0.56,0,0,0,0,0,0,0,0.0735,0
0.568,0,0,0,0,0,0,0,0.0735,0
0.576,0,0,0,0,0,0,0,0.0735,0
0.584,0,0,0,0,0,0,0,0.0735,0
0.592,0,0,0,0,0,0,0,0.0735,0
0.6,0,0,0,0,0,0,0,0.0735,0
0.608,0,0,0,0,0,0,0,0.0735,0
0.616,0,0,0,0,0,0,0,0.0735,0
0.624,0,0,0,0,0,0,0,0.0735,0
0.632,0,0,0,0,0,0,0,0.0735,0
0.64,0,0,0,0,0,0,0,0.0735,0
0.648,0,0,0,0,0,0,0,0.0735,0
0.656,0,0,0,0,0,0,0,0.0735,0
0.664,0,0,0,0,0,0,0,0.0735,0
0.672,0,0,0,0,0,0,0,0.0735,0
0.68,0,0,0,0,0,0,0,0.0735,0
0.688,0,0,0,0,0,0,0,0.0735,0
0.696,0,0,0,0,0,0,0,0.0735,0
0.704,0,0,0,0,0,0,0,0.0735,0
0.712,0,0,0,0,0,0,0,0.0735,0
0.72,0,0,0,0,0,0,0,0.0735,0
0.728,0,0,0,0,0,0,0,0.0735,0
0.736,0,0,0,0,0,0,0,0.0735,0
0.744,0,0,0,0,0,0,0,0.0735,0
0.752,0,0,0,0,0,0,0,0.0735,0
0.76,0,0,0,0,0,0,0,0.0735,0
0.768,0,0,0,0,0,0,0,0.0735,0
0.776,0,0,0,0,0,0,0,0.0735,0
0.784,0,0,0,0,0,0,0,0.0735,0
0.792,0,0,0,0,0,0,0,0.0735,0
0.8,0,0,0,0,0,0,0,0.0735,0
0.808,0,0,0,0,0,0,0,0.0735,0
0.816,0,0,0,0,0,0,0,0.0735,0
0.824,0,0,0,0,0,0,0,0.0735,0
0.832,0,0,0,0,0,0,0,0.0735,0
0.84,0,0,0,0,0,0,0,0.0735,0
0.848,0,0,0,0,0,0,0,0.0735,0
0.856,0,0,0,0,0,0,0,0.0735,0
0.864,0,0,0,0,0,0,0,0.0735,0
0.872,0,0,0,0,0,0,0,0.0735,0
0.88,0,0,0,0,0,0,0,0.0735,0
0.888,0,0,0,0,0,0,0,0.0735,0
0.896,0,0,0,0,0,0,0,0.0735,0
0.904,0,0,0,0,0,0,0,0.0735,0
0.912,0,0,0,0,0,0,0,0.0735,0
0.92,0,0,0,0,0,0,0,0.0735,0
0.928,0,0,0,0,0,0,0,0.0735,0
0.936,0,0,0,0,0,0,0,0.0735,0
0.944,0,0,0,0,0,0,0,0.0735,0
0.952,0,0,0,0,0,0,0,0.0735,0
0.96,0,0,0,0,0,0,0,0.0735,0
0.968,0,0,0,0,0,0,0,0.0735,0
0.976,0,0,0,0,0,0,0,0.0735,0
0.984,0,0,0,0,0,0,0,0.0735,0
0.992,0,0,0,0,0,0,0,0.0735,0
1,0,0,0,0,0,0,0,0.0735,0
1.008,0,0,0,0,0,0,0,0.0735,0
1.016,0,0,0,0,0,0,0,0.0735,0
1.024,0,0,0,0,0,0,0,0.0735,0
1.032,0,0,0,0,0,0,0,0.0735,0
1.04,0,0,0,0,0,0,0,0.0735,0
1.048,0,0,0,0,0,0,0,0.0735,0
1.056,0,0,0,0,0,0,0,0.0735,0
1.064,0,0,0,0,0,0,0,0.0735,0
1.072,0,0,0,0,0,0,0,0.0735,0
1.08,0,0,0,0,0,0,0,0.0735,0
1.088,0,0,0,0,0,0,0,0.0735,0
1.096,0,0,0,0,0,0,0,0.0735,0
1.104,0,0,0,0,0,0,0,0.0735,0
1.112,0,0,0,0,0,0,0,0.0735,0
1.12,0,0,0,0,0,0,0,0.0735,0
1.128,0,0,0,0,0,0,0,0.0735,0
1.136,0,0,0,0,0,0,0,0.0735,0
1.144,0,0,0,0,0,0,0,0.0735,0
1.152,0,0,0,0,0,0,0,0.0735,0
1.16,0,0,0,0,0,0,0,0.0735,0
1.168,0,0,0,0,0,0,0,0.0735,0
1.176,0,0,0,0,0,0,0,0.0735,0
1.184,0,0,0,0,0,0,0,0.0735,0
1.192,0,0,0,0,0,0,0,0.0735,0
1.2,0,0,0,0,0,0,0,0.0735,0
1.208,0,0,0,0,0,0,0,0.0735,0
1.216,0,0,0,0,0,0,0,0.0735,0
1.224,0,0,0,0,0,0,0,0.0735,0
1.232,0,0,0,0,0,0,0,0.0735,0
1.24,0,0,0,0,0,0,0,0.0735,0
1.248,0,0,0,0,0,0,0,0.0735,0
1.256,0,0,0,0,0,0,0,0.0735,0
1.264,0,0,0,0,0,0,0,0.0735,0
1.272,0,0,0,0,0,0,0,0.0735,0
1.28,0,0,0,0,0,0,0,0.0735,0
1.288,0,0,0,0,0,0,0,0.0735,0
1.296,0,0,0,0,0,0,0,0.0735,0
1.304,0,0,0,0,0,0,0,0.0735,0
1.312,0,0,0,0,0,0,0,0.0735,0
1.32,0,0,0,0,0,0,0,0.0735,0
1.328,0,0,0,0,0,0,0,0.0735,0
1.336,0,0,0,0,0,0,0,0.0735,0
1.344,0,0,0,0,0,0,0,0.0735,0
1.352,0,0,0,0,0,0,0,0.0735,0
1.36,0,0,0,0,0,0,0,0.0735,0
1.368,0,0,0,0,0,0,0,0.0735,0
1.376,0,0,0,0,0,0,0,0.0735,0
1.384,0,0,0,0,0,0,0,0.0735,0
1.392,0,0,0,0,0,0,0,0.0735,0
1.4,0,0,0,0,0,0,0,0.0735,0
1.408,0,0,0,0,0,0,0,0.0735,0
1.416,0,0,0,0,0,0,0,0.0735,0
1.424,0,0,0,0,0,0,0,0.0735,0
1.432,0,0,0,0,0,0,0,0.0735,0
1.44,0,0,0,0,0,0,0,0.0735,0
1.448,0,0,0,0,0,0,0,0.0735,0
1.456,0,0,0,0,0,0,0,0.0735,0
1.464,0,0,0,0,0,0,0,0.0735,0
1.472,0,0,0,0,0,0,0,0.0735,0
1.48,0,0,0,0,0,0,0,0.0735,0
1.488,0,0,0,0,0,0,0,0.0735,0
1.496,0,0,0,0,0,0,0,0.0735,0
1.504,3.26712874849145e-05,8.45837158749418e-05,-0.0346881899768224,-0.0021358909877307,-0.00222695492219073,-7.44291302368083e-06,6.83600000000004e-05,0.0735,-6.15599999999996e-05
1.512,-1.06188294366086e-15,1.13686837721616e-13,-0.0346595620458677,-0.00213849487575146,-0.00222343003723411,-7.105427357601e-15,0.000205080000000002,0.0735,-0.000184680000000004
1.52,-9.78420863223068e-16,1.13686837721616e-13,-0.0346595620458677,-0.00213849487575146,-0.00222343003723415,-7.105427357601e-15,0.000341800000000004,0.0735,-0.000307800000000008
1.528,-8.94958799328888e-16,1.13686837721616e-13,-0.0346595620458677,-0.00213849487575146,-0.00222343003723418,-7.105427357601e-15,0.000478520000000005,0.0735,-0.000430920000000013
1.536,-4.03608100033239e-07,-1.13686837721616e-13,-0.0346599465969266,-0.00213851860256398,-0.0022234338487272,2.4902625739287e-08,0.000675319999999984,0.0735,-0.000492480000000015
1.544,1.90265888169485e-15,-1.13686837721616e-13,-0.0346595620458671,-0.00213849487576567,-0.00222343003723421,7.105427357601e-15,0.000932199999999979,0.0735,-0.000492480000000015
1.552,-1.97236150085709e-15,-1.13686837721616e-13,-0.0346595620458671,-0.00213849487576567,-0.00222343003723385,7.105427357601e-15,0.00118907999999997,0.0735,-0.000492480000000015
1.56,9.54538375537261e-16,-1.13686837721616e-13,-0.0346595620458671,-0.00213849487576567,-0.00222343003723384,7.105427357601e-15,0.00144595999999997,0.0735,-0.000492480000000015
1.568,-4.65560833318469e-15,-1.13686837721616e-13,-0.0346595620458673,-0.00213849487576567,-0.00222343003723344,7.105427357601e-15,0.00170283999999996,0.0735,-0.000492480000000015
1.576,-2.22687231285884e-15,-1.13686837721616e-13,-0.0346595620458671,-0.00213849487576567,-0.00222343003723358,0,0.00195971999999996,0.0735,-0.000492480000000015
1.584,1.62441121211722e-15,-1.13686837721616e-13,-0.0346595620458671,-0.00213849487576567,-0.00222343003723382,0,0.00221660000000013,0.0735,-0.000492480000000015
1.592,-9.10436440468163e-16,-1.13686837721616e-13,-0.0346595620458671,-0.00213849487576567,-0.00222343003723372,0,0.00247348000000029,0.0735,-0.000492480000000015
1.6,1.46171178688474e-16,-1.13686837721616e-13,-0.0346595620458671,-0.00213849487576567,-0.00222343003723381,7.105427357601e-15,0.00273036000000046,0.0735,-0.000492480000000015
1.608,5.82034302339823e-16,-1.13686837721616e-13,-0.0346595620458671,-0.00213849487576567,-0.00222343003723387,0,0.00298724000000063,0.0735,-0.000492480000000015
1.616,-1.33929889305874e-15,-1.13686837721616e-13,-0.0346595620458671,-0.00213849487576567,-0.00222343003723381,0,0.0032441200000008,0.0735,-0.000492480000000015
1.624,-3.06905884752346e-07,1.13686837721616e-13,-0.0346587738330054,-0.0021384462430305,-0.00222336361265355,1.89360847002717e-08,0.00354408000000091,0.0735,-0.00061436000000003
1.632,-3.20591673791488e-16,1.13686837721616e-13,-0.034659562045867,-0.00213849487575857,-0.00222343003723386,0,0.00388712000000097,0.0735,-0.00085812000000006
1.64,-1.3992528876083e-15,1.13686837721616e-13,-0.034659562045866,-0.00213849487575146,-0.00222343003723372,-1.4210854715202e-14,0.0042301600000007,0.0735,-0.00110188000000009
1.648,-2.07103838744888e-15,1.13686837721616e-13,-0.034659562045867,-0.00213849487575857,-0.00222343003723372,-1.4210854715202e-14,0.00457320000000041,0.0735,-0.00134564000000012
1.656,1.24457905322894e-15,1.13686837721616e-13,-0.0346595620458679,-0.00213849487575857,-0.00222343003723393,-1.4210854715202e-14,0.00491624000000012,0.0735,-0.00158940000000015
1.664,1.46591068140551e-15,1.13686837721616e-13,-0.0346595620458677,-0.00213849487575857,-0.0022234300372339,-7.105427357601e-15,0.00525927999999983,0.0735,-0.00183316000000018
1.672,3.87249470897424e-16,1.13686837721616e-13,-0.0346595620458667,-0.00213849487575857,-0.00222343003723376,-1.4210854715202e-14,0.00560231999999954,0.0735,-0.00207692000000012
1.68,-6.91411716449608e-16,1.13686837721616e-13,-0.0346595620458663,-0.00213849487575146,-0.00222343003723366,-1.4210854715202e-14,0.00594535999999926,0.0735,-0.00232067999999998
1.688,-1.77007291372281e-15,1.13686837721616e-13,-0.0346595620458672,-0.00213849487575857,-0.00222343003723364,-1.4210854715202e-14,0.00628839999999897,0.0735,-0.00256443999999984
1.696,-9.16571605984245e-16,1.13686837721616e-13,-0.0346595620458682,-0.00213849487575857,-0.00222343003723372,-1.4210854715202e-14,0.00663143999999868,0.0735,-0.00280819999999969
1.704,2.36272948236851e-15,1.13686837721616e-13,-0.0346595620458674,-0.00213849487575857,-0.00222343003723381,-1.4210854715202e-14,0.00697447999999839,0.0735,-0.00305195999999955
1.712,1.09509065529101e-15,1.13686837721616e-13,-0.0346595620458664,-0.00213849487575146,-0.00222343003723366,-1.4210854715202e-14,0.0073175199999981,0.0735,-0.00329571999999941
1.72,1.64294282393037e-17,1.13686837721616e-13,-0.0346595620458665,-0.00213849487575857,-0.00222343003723359,-1.4210854715202e-14,0.00766055999999781,0.0735,-0.00353947999999927
1.728,-1.06223175910773e-15,1.13686837721616e-13,-0.0346595620458675,-0.00213849487575857,-0.00222343003723359,-7.105427357601e-15,0.00800359999999791,0.0735,-0.00378323999999912
1.736,-1.33631602622518,-0.768341020275784,0.909646774768887,-0.0489628203402503,0.192437916114865,0.0921249782870461,0.00834663999999831,0.0735,-0.00402699999999915
1.744,-0.473350640466158,-0.228701338940937,0.246407315211275,-0.0160767824587182,0.066289231849231,0.0322743122276563,0.00868967999999872,0.0735,-0.00427075999999935
1.752,1.80293184961075e-15,1.13686837721616e-13,-0.0346595620458661,-0.00213849487575857,-0.00222343003723364,-7.105427357601e-15,0.00903271999999912,0.0735,-0.00451451999999956
1.76,-0.0381257349315461,0.0101269761428284,-0.0319068854921182,-0.000545564229234685,0.00313096081550575,0.00236419464550153,0.00937575999999953,0.0735,-0.00475827999999976
1.768,-0.776162057554301,0.443192667065091,2.82737911020752,-0.106269954269337,0.130802808247792,-0.0431334909620631,0.00971879999999994,0.0735,-0.00500203999999997
1.776,-1.28772094829081,1.1594736883545,4.20102502518912,-0.0854548741163995,0.214001749610911,-0.0780949337545202,0.0100618400000003,0.0735,-0.00524580000000017
1.784,-0.818480061637485,1.38954883111535,4.47285133084561,-0.0702151634967834,0.150895009550265,-0.0593432941352461,0.0104048800000007,0.0735,-0.00548956000000037
1.792,-0.709590630118215,1.17096931649974,5.37376898961027,-0.0767577730144353,0.148010968449629,-0.0616765127095249,0.0107479200000012,0.0735,-0.00573332000000058
1.8,-0.164546317373451,1.35745802391921,5.80332665226533,-0.0122530393189422,0.0804707636680449,-0.0509066440091956,0.0110909600000016,0.0735,-0.00597708000000078
1.808,-0.617778515212159,0.773840322159117,9.45330159170484,-0.120633364338367,0.180353934455705,0.0387433852590746,0.011434000000002,0.0735,-0.00622084000000099
1.816,0.0478663164953614,0.879062454749715,11.6225432134712,-0.169144108496063,0.111693076839568,0.0737707252516913,0.0117770400000024,0.0735,-0.00646460000000119
1.824,1.01794938464347,0.909963611295666,12.7106716351702,-0.117268805137101,-0.00355522342387351,0.00757877461501266,0.0121200800000028,0.0735,-0.00670836000000139
1.832,0.933581168672697,0.464844571017579,16.7594559627107,-0.120474187066073,0.0496515138965237,-0.00204068861544471,0.0124631200000032,0.0735,-0.0069521200000016
1.84,1.81151290132178,1.60039758662458,22.1472183318929,-0.165108118658246,-0.019153993702159,-0.00423488950374917,0.0128061600000036,0.0735,-0.0071958800000018
1.848,1.7267598282996,2.07362070283409,27.2215287746863,-0.245291964484501,0.0446783721402849,-0.00206072789595879,0.013149200000004,0.0735,-0.007439640000002
1.856,2.58445602926252,2.71571390011968,30.5996559864878,-0.243561748946796,-0.0378403852243271,0.0212335409159579,0.0134922400000044,0.0735,-0.00768340000000221
1.864,3.24461126346348,3.63849237215072,34.6500227725607,-0.282257190797303,-0.0885808083141807,0.0277443452404,0.0138352800000048,0.0735,-0.00792716000000241
1.872,4.36475138567962,4.94107103050635,37.7269690603396,-0.213741094173109,-0.211371233398328,0.036003001429151,0.0141783200000052,0.0735,-0.00817092000000262
1.88,4.85172205642953,5.51457123212356,39.4342477831913,-0.248802103576637,-0.265232505972274,0.0514024262337642,0.0145213600000056,0.0735,-0.00841468000000282
1.888,5.12554414416361,5.81059105264467,42.5952473523946,-0.261332755090876,-0.263454163774708,0.0544620266212306,0.014864400000006,0.0735,-0.00865844000000302
1.896,6.05856742331571,6.79931449577543,44.841549505279,-0.124009797703749,-0.363475882581776,0.0631866734053901,0.0152074400000064,0.0735,-0.00890220000000323
1.904,6.78700330993101,6.94415289472863,47.7223296284799,-0.123930986171317,-0.421557267548828,0.0851437849488335,0.0155504800000068,0.0735,-0.00914596000000343
1.912,7.30532055197764,6.9171731700817,50.7470279424626,-0.13502382818244,-0.451409814753701,0.126406777032976,0.0158935200000072,0.0735,-0.00938972000000363
1.92,6.57090321592787,5.87511684814012,54.573807979384,-0.2990988054556,-0.308098474143058,0.144358269439685,0.0162365600000076,0.0735,-0.00963348000000384
1.928,4.40698955065457,3.69800618413589,57.7119437735495,-0.664948647114826,0.0160528804781617,0.200818613224613,0.016579600000008,0.0735,-0.00987724000000404
1.936,2.25369709878962,2.14870165062509,55.2714234742326,-1.11693431676364,0.278024328053219,0.297738036246142,0.0169226400000084,0.0735,-0.0101210000000042
1.944,-1.50499337049684,1.86960705483922,58.9285284580245,-1.0531419011059,0.827740233743211,0.341926163250382,0.0172656800000088,0.0735,-0.0103647600000045
1.952,-4.58813246370442,0.598663915625705,59.8436947362758,-1.06348293040456,1.26310311451166,0.352390024905896,0.0176087200000093,0.0735,-0.0106085200000047
1.96,-5.48503020284491,-0.0767341106002811,60.5038960673874,-1.13632151900985,1.3900422876647,0.379511488361966,0.0179517600000097,0.0735,-0.0108522800000049
1.968,-5.97170960512888,-0.292191556193162,59.5416284893532,-1.1530773510358,1.44741687563577,0.351075379118215,0.0182948000000101,0.0735,-0.0110960400000051
1.976,-9.12581455024333,-1.21719798782412,60.1008739434178,-1.19558637660803,1.88164428150195,0.383215910362068,0.0186378400000105,0.0735,-0.0113398000000053
1.984,-11.8718829602788,-1.6345241392268,59.6308427444872,-1.18730233714451,2.24886429559151,0.386464007608153,0.0189808800000109,0.0735,-0.0115835600000055
1.992,-12.5229084072626,-0.896494511789364,57.7680689629483,-1.04689005811687,2.31449417615009,0.369872489538871,0.0193239200000113,0.0735,-0.0118273200000057
2,-12.032813709618,0.0848829682495467,53.7710882588389,-0.91145350984512,2.20568773787376,0.334808892983195,0.0196669600000117,0.0735,-0.0120710800000059
2.008,-14.3492215336044,-0.578236979941487,54.3619916711349,-0.955328552908166,2.52804411012517,0.364196436769299,0.0200100000000121,0.0735,-0.0123148400000061
2.016,-15.0864460521989,-0.833729458769686,54.9987460057924,-0.9925978315767,2.63454431210386,0.351006030754817,0.0203530400000125,0.0735,-0.0125586000000063
2.024,-14.597250931759,-0.214475370936355,54.8837898211554,-0.942567863093342,2.56669040436306,0.348781709201022,0.0206960800000129,0.0735,-0.0128023600000065
2.032,-14.5035270986603,1.35128957585313,51.250802779467,-0.677580531084793,2.53185477851894,0.316910666747038,0.0210391200000133,0.0735,-0.0130461200000067
2.04,-13.5655106163462,0.833317612958319,50.8635659551899,-0.763295662620395,2.40972260158302,0.327359126879835,0.0213821600000137,0.0735,-0.0132898800000069
2.048,-12.6618210813435,1.07708401703959,49.0583643709085,-0.706907475692199,2.28099804433839,0.314380010131758,0.0217252000000141,0.0735,-0.0135336400000071
2.056,-10.2788160750351,1.0882409694321,46.199797641517,-0.693812603663608,1.93478244393234,0.348055291305372,0.0220682400000145,0.0735,-0.0137774000000073
2.064,-8.39517205637875,3.46003076040259,44.1628455546584,-0.347661567654898,1.66860033198305,0.328698833577646,0.0224112800000149,0.0735,-0.0140211600000075
2.072,-6.9461408935241,4.9172751445539,43.191732318345,-0.166762780844641,1.46961462500214,0.295843457522084,0.0227543200000153,0.0735,-0.0142649200000077
2.08,-4.62298866637198,5.88755511943905,42.1381983705625,-0.0185837829667767,1.148782704836,0.349836400141163,0.0230973600000157,0.0735,-0.0145086800000079
2.088,-0.862159155413593,7.81070533206214,35.1085044507331,0.379688051608755,0.554275284901057,0.295997529848341,0.0234404000000161,0.0735,-0.0147524400000081
2.096,2.42968190080849,7.88721749093717,28.0207539103726,0.424397858044321,0.034214171489419,0.283934371490197,0.0237834400000165,0.0735,-0.0149962000000083
2.104,2.39926487371716,6.04097650541649,24.1364556497381,0.17609658267729,0.00970341612621345,0.334218826054195,0.024126480000017,0.0735,-0.0152399600000085
2.112,1.95081129642309,5.43121544487121,24.3015351532184,0.0930885572132994,0.0882002546498247,0.317185721732765,0.0244695200000174,0.0735,-0.0154837200000087
2.12,3.11502362725245,4.71452167297033,24.306594560886,-0.033055783838662,-0.0521602107187883,0.317126195227036,0.0248125600000178,0.0735,-0.0157274800000083
2.128,3.3980766325422,3.77251539916521,27.1541920529858,-0.294156339579815,-0.0469585884514314,0.358680364078596,0.0251556000000182,0.0735,-0.0159712400000072
2.136,3.63531825623021,3.4170135263081,28.5482888015076,-0.372848751205676,-0.0585931562816893,0.342167290471222,0.0254986400000186,0.0735,-0.016215000000006
2.144,5.48042364206904,5.4763420453906,29.743955712914,-0.158811983784697,-0.300278069125927,0.301243212456922,0.025841680000019,0.0735,-0.0164587600000048
2.152,7.16957890380721,5.69962504824881,30.5761558163866,-0.188278248572255,-0.521595341433494,0.293140098367193,0.0261847200000194,0.0735,-0.0167025200000036
2.16,8.51742485425392,5.81692866880632,31.0470177457318,-0.23853782198101,-0.696842209745982,0.284734720290393,0.0265277600000198,0.0735,-0.0169462800000024
2.168,8.99809371437999,6.21860244797832,32.102268149043,-0.19855691005706,-0.749448973623606,0.319425509429565,0.0268708000000202,0.0735,-0.0171900400000012
2.176,9.1385725995838,6.04620929966175,32.4657849749636,-0.255508337090549,-0.762765776123725,0.32819353901841,0.0272138400000206,0.0735,-0.0174338000000001
2.184,6.66412152191579,6.07590425724508,34.8330704006912,-0.24873127167148,-0.397581229929773,0.374031377891639,0.027556880000021,0.0735,-0.0176775599999989
2.192,7.81093518178301,6.41876274793851,36.2339042128869,-0.297222311977086,-0.530183523391137,0.293334739615037,0.0278999200000214,0.0735,-0.0179213199999977
2.2,8.63100850260212,5.939297136486,38.7522836919569,-0.466851194594831,-0.611547369091578,0.272377764711807,0.0282429600000218,0.0735,-0.0181650799999965
2.208,8.2560687700088,6.13417233572265,42.1339380852141,-0.503840648966059,-0.514001492936358,0.259647302266698,0.0285860000000222,0.0735,-0.0184088399999953
2.216,4.3664051430586,5.3879732676064,50.2311103264764,-0.916497011440252,0.103622572413459,0.162241105755377,0.0289290400000226,0.0735,-0.0186525999999941
2.224,4.37558208541707,3.16264567062879,53.2120012883547,-1.25683257725137,0.121111342854029,0.272567761337073,0.029272080000023,0.0735,-0.018896359999993
2.232,5.50350670747703,3.14659122223021,54.8942819941638,-1.3457966101027,-0.00775182580436914,0.274616768580015,0.0296151200000234,0.0735,-0.0191401199999918
2.24,1.83399152101011,2.12558295589737,59.9275479406572,-1.6002837064628,0.556589634531267,0.233117335977566,0.0299581600000238,0.0735,-0.0193838799999906
2.248,2.72784330619061,3.11330901329807,59.0156825979939,-1.39576951636464,0.440800438264354,0.390841497552934,0.0303012000000242,0.0735,-0.0196276399999894
2.256,1.03439693404978,0.433472339546263,61.0417587778131,-1.70791546051594,0.687337761922019,0.410463861541689,0.0306442400000247,0.0735,-0.0198713999999882
2.264,0.0158891462764752,0.865659159414881,62.1892484947914,-1.86493466168987,0.843062657112418,0.211160251876249,0.0309872800000251,0.0735,-0.020115159999987
2.272,-1.80065210342036,1.36841917303224,66.8099496448268,-1.99738297906648,1.11856134241989,0.0845241125766023,0.0313303200000255,0.0735,-0.0203589199999859
2.28,-3.47987214774672,-0.747868974616417,70.1195376740401,-2.39483264388272,1.36348279677353,0.106926197602795,0.0316733600000259,0.0735,-0.0206026799999847
2.288,-6.0980674388262,0.888901899479397,71.034019443331,-1.97677429913659,1.72381721582173,0.368799851866859,0.0320164000000263,0.0735,-0.0208464399999835
2.296,-7.77572130093201,0.805749130254837,73.8696425137147,-1.81658318097505,1.96669678431376,0.509477861091725,0.0323594400000267,0.0735,-0.0210901999999823
2.304,-11.1590767292407,0.776089119160221,78.153136246514,-1.76935714352484,2.46925766702153,0.641844608148849,0.0327024800000271,0.0735,-0.0213339599999811
2.312,-18.4383313886838,-1.58650650560648,82.9634941154057,-1.99987845181269,3.51084102516937,0.648003685503923,0.0330455200000275,0.0735,-0.0215777199999799
2.32,-22.7212370247808,-4.27135740463,85.745141870705,-2.11444903538511,4.11413793616587,0.950240049341797,0.0333885600000279,0.0735,-0.0218214799999788
2.328,-22.9536105493169,-4.11141779652414,90.3821769415775,-2.06557492525549,4.18476460411997,0.883194871460671,0.0337316000000283,0.0735,-0.0220652399999776
2.336,-19.2490711037155,-2.56749503488741,91.4504704985004,-1.99407519714022,3.6715648031889,0.702822502423606,0.0340746400000287,0.0735,-0.0223089999999764
2.344,-20.5143158118236,-3.59739256507285,95.3285141195821,-2.11588833989239,3.88245746386264,0.871545224421141,0.0344176800000291,0.0735,-0.0225527599999752
2.352,-24.4975175462166,-3.06898660159493,101.063916599111,-2.09988540373029,4.47613945561382,0.897238019563716,0.0347607200000295,0.0735,-0.022796519999974
2.36,-28.4735265873232,-2.82941694747357,105.576914555518,-2.21795022197878,5.05271035823286,0.919574959254899,0.0351037600000299,0.0735,-0.0230402799999728
2.368,-33.5424955197977,-6.14648084532088,112.780103233089,-2.65465877290052,5.77772351967367,0.930496423868785,0.0354468000000303,0.0735,-0.0232840399999716
2.376,-37.8876291099072,-8.32432466596456,116.662412224419,-2.7793485853471,6.36427730659879,1.02116075948656,0.0357898400000307,0.0735,-0.0235277999999705
2.384,-36.5906968464708,-5.87153950572825,114.97021504529,-2.30898145445646,6.1271332736375,1.12414085410738,0.0361328800000311,0.0735,-0.0237715599999693
2.392,-21.6306303426842,-0.901417201188075,105.96907589233,-1.40979687688889,4.05603254565089,1.29525686817224,0.0364759200000315,0.0735,-0.0240153199999681
2.4,-14.9304661900052,2.5511814880035,98.8808892838025,-1.09648132381981,3.08318921199471,0.924873729658337,0.0368189600000319,0.0735,-0.0242590799999669
2.408,-19.0715606646432,2.4953461914448,97.9610281975618,-0.98905740045923,3.6417493609151,1.00327577570728,0.0371620000000323,0.0735,-0.0245028399999657
2.416,-21.8590000325953,4.41097139860315,98.2848776829771,-0.54544390247958,4.01453552751851,0.976959089504557,0.0375050400000328,0.0735,-0.0247465999999645
2.424,-22.9926295602684,5.98133931755476,98.3131371888342,-0.324908638084878,4.1641880066465,0.936482178562734,0.0378480800000332,0.0735,-0.0249903599999634
2.432,-25.4837620907745,6.61337991635632,98.2197190984136,-0.145045253171927,4.49011617016654,0.952304724917329,0.0381911200000336,0.0735,-0.0252341199999622
2.44,-28.0812773254696,7.13248527015304,95.9997593530905,0.14472728073817,4.80810387041944,1.08655301955881,0.038534160000034,0.0735,-0.025477879999961
2.448,-28.4195914030482,6.24746292382164,92.4855107372236,0.198765254227678,4.81142109822059,1.10642401869273,0.0388772000000344,0.0735,-0.0257216399999598
2.456,-25.5359026125406,5.25545011208259,72.9074539303186,0.652992475250887,4.19446525914357,0.77732990761987,0.0392607600000345,0.0735,-0.0259409599999598
2.464,-27.0830936785971,3.91194584098944,67.4383747749638,0.768802565625192,4.32842666322611,0.617925021994486,0.0396848400000345,0.0735,-0.0261358399999611
2.472,-30.6995247374551,3.08547144271722,63.6927460509734,0.903984670407224,4.76486152900296,0.388227718253679,0.0401089200000344,0.0735,-0.0263307199999623
2.48,-30.0428569950698,3.01260070085054,58.3006559962753,1.16060785668511,4.61587744246832,0.431504235891438,0.0405330000000344,0.0735,-0.0265255999999635
2.488,-30.9762182460932,5.18711412982846,57.6808568374877,1.83586839411404,4.72726365021293,0.649817914515134,0.0409570800000343,0.0735,-0.0267204799999647
2.496,-29.8763697924093,5.76414753941452,52.3717833908132,2.34319573832603,4.523504866956,0.735465296049646,0.0413811600000342,0.0735,-0.026915359999966
2.504,-23.7706478442575,5.83654638907371,45.9108231695164,2.32580135027185,3.6509086979733,0.709460905552293,0.0418052400000342,0.0735,-0.0271102399999672
2.512,-32.3055710077117,4.1292986702396,52.5728685956626,2.0783705214852,4.83806864894914,0.725058241134044,0.0422293200000341,0.0735,-0.0273051199999684
2.52,-33.5617142059167,3.91506905923124,56.3236582735276,2.1506862276669,5.02433383446513,0.89669185450999,0.0426534000000341,0.0735,-0.0274999999999697
2.528,-33.5089859501704,3.95420118890569,55.7401962851759,2.06901503196711,5.01532889075032,0.82521178287813,0.043077480000034,0.0735,-0.0276948799999709
2.536,-26.9832387692645,4.29585755712971,54.5658908505005,2.00210293786033,4.15169782668872,0.524710058103296,0.0435015600000339,0.0735,-0.0278897599999721
2.544,-26.1490738052626,3.95886362689163,53.6666109936965,2.15346406726711,4.03155576086904,0.593004049194976,0.0439256400000339,0.0735,-0.0280846399999734
2.552,-29.3132656141747,4.65713915585977,59.448482958739,2.33149291810435,4.51521239699793,0.650340072965778,0.0443497200000338,0.0735,-0.0282795199999746
2.56,-33.4528403588465,6.62897319057744,66.6489562750189,2.71524265672589,5.14505462021691,0.791640044713215,0.0447738000000337,0.0735,-0.0284743999999758
2.568,-31.5521329301398,8.11789364133444,64.512593034483,3.02878577249852,4.86739892239672,0.630605747014601,0.0451978800000337,0.0735,-0.028669279999977
2.576,-31.4728693069066,9.36917223012092,66.148902708475,3.09746112033384,4.85393890485416,0.528446433584965,0.0456219600000336,0.0735,-0.0288641599999783
2.584,-29.0958990201369,8.75728881626367,66.3609410025535,2.8700395844247,4.53593288976421,0.427103749835495,0.0460460400000336,0.0735,-0.0290590399999795
2.592,-28.2022437293795,8.4509199628119,66.2474276164511,2.75506731080251,4.41638437960679,0.31520666969083,0.0464701200000335,0.0735,-0.0292539199999807
2.6,-25.0247969324298,9.52465086389201,65.52771320542,2.89476605519136,3.98046365298989,0.303323865522616,0.0468942000000334,0.0735,-0.029448799999982
2.608,-22.1303337548575,9.79145936368581,62.8528480104658,2.76220875140543,3.57008316686467,0.159855525097555,0.0473182800000334,0.0735,-0.0296436799999832
2.616,-27.5349387872552,10.0227984712416,62.9589049756767,2.63947288236006,4.29496159698575,0.0441780748445321,0.0477423600000333,0.0735,-0.0298385599999844
2.624,-29.3490472327259,7.84442568444244,59.2738072780414,2.165707319226,4.50727460587276,-0.0314127928959071,0.0481664400000332,0.0735,-0.0300334399999857
2.632,-27.6330573773833,7.42269036453427,58.0077894246787,2.24340962142718,4.27778166610448,0.327401537623531,0.0485905200000332,0.0735,-0.0302283199999869
2.64,-29.9738815455774,5.18934405169205,56.9506889673136,1.70420398612769,4.60040587982884,0.372765169280421,0.0490146000000331,0.0735,-0.0304231999999881
2.648,-29.5917122391645,3.65970365674805,48.5370143151779,0.871000762579869,4.47824867611672,0.267783244059526,0.0494386800000331,0.0735,-0.0306180799999893
2.656,-17.9701601127233,1.48971250617325,33.7616027914729,0.0445468114235213,2.76545701541158,0.115828707072899,0.049862760000033,0.0735,-0.0308129599999906
2.664,-8.44992651721439,1.60704051809173,25.3387912177326,-0.130898380542523,1.37914411588861,-0.0173764981298539,0.0502868400000329,0.0735,-0.0310078399999918
2.672,-11.3791710924772,1.34502236286549,25.5140308434627,-0.116430244708209,1.77011082409521,0.0144969618449949,0.0507109200000329,0.0735,-0.031202719999993
2.68,-18.1847041017331,-0.0262882605142279,30.4523316286515,-0.126104182693541,2.75154231184157,0.406220562169545,0.0511350000000328,0.0735,-0.0313975999999922
2.688,-22.6537476518501,-1.32318180337415,35.6895534711466,-0.226699345810191,3.42693773427806,0.591059646453262,0.0515590800000327,0.0735,-0.0315924799999906
2.696,-29.8288130168753,-2.59996943059909,40.2315547875709,-0.290312347804457,4.43945841690115,0.902379041202461,0.0519831600000327,0.0735,-0.0317873599999891
2.704,-26.2845374569392,-2.59955639348066,41.3449952542604,-0.337597155823107,3.98698807031077,0.820172694675274,0.0524072400000326,0.0735,-0.0319822399999875
2.712,-19.9847833284618,-1.12958100081848,37.3248572130133,-0.508183903897008,3.07566714381075,0.245018158607586,0.0528313200000326,0.0735,-0.032177119999986
2.72,-18.2567102697331,-2.62375374380774,38.3620853959231,-0.647993463039326,2.84860615258003,0.425947066642727,0.0532554000000325,0.0735,-0.0323719999999844
2.728,-25.84298534328,-3.32292951898753,42.9994363907214,-0.705745465474297,3.94247865234592,0.508307748416238,0.0536794800000324,0.0735,-0.0325668799999829
2.736,-28.9132174382126,-3.72216351254783,43.7371854735335,-0.797629921595985,4.37585413842467,0.462504335961642,0.0541035600000324,0.0735,-0.0327617599999813
2.744,-24.2554658417287,-4.98510228479201,40.7732812412783,-1.05305052653472,3.70863266526301,0.235348145486501,0.0545276400000323,0.0735,-0.0329566399999798
2.752,-22.576582039519,-5.65415294382263,38.8073466199142,-1.11593842161813,3.46818200225494,0.302863725565386,0.0549517200000322,0.0735,-0.0331515199999782
2.76,-21.2926709976803,-6.10821240977631,36.1781626631767,-1.11752637518236,3.25786360891023,0.330655574637561,0.0553758000000322,0.0735,-0.0333463999999767
2.768,-21.5143795857302,-6.95177266591614,35.7845170974809,-1.30987306160752,3.29205289961559,0.176706838382313,0.0557998800000321,0.0735,-0.0335412799999752
2.776,-23.4513898788319,-8.34685130584817,38.5102835170948,-1.76020242313764,3.57344236912106,-0.00866490609017412,0.0562239600000321,0.0735,-0.0337361599999736
2.784,-23.2963965626366,-7.42069829728611,37.1386311437159,-1.80424715222931,3.54857828527301,-0.347717057279146,0.056648040000032,0.0735,-0.0339310399999721
2.792,-27.4594965346579,-7.08489260805159,34.7942282784801,-1.64006037599654,4.08627319764267,-0.118813394341913,0.0570721200000319,0.0735,-0.0341259199999705
2.8,-24.3762257979207,-7.48966763531705,29.7679416748942,-1.48919888426584,3.61648585631439,-0.254833336421649,0.0574962000000319,0.0735,-0.034320799999969
2.808,-13.9521767119322,-9.22251481714495,23.9747754649581,-1.35825361417947,2.13207660922994,0.00335634122745299,0.0579202800000318,0.0735,-0.0345156799999674
2.816,-14.8792603459124,-9.18814303901427,25.8481552435973,-1.30086746803744,2.29343446304838,0.23021824487246,0.0583443600000318,0.0735,-0.0347105599999659
2.824,-22.3672626853373,-9.01633998170076,31.5889001780255,-1.54772158678946,3.36756946766839,-0.0194587905746533,0.0587684400000317,0.0735,-0.0349054399999643
2.832,-19.5015772053751,-7.69225033457711,31.0186045634854,-1.51365828924204,2.97392336251228,-0.238110047269564,0.0591925200000316,0.0735,-0.0351003199999628
2.84,-19.6827624641138,-8.82951251252045,32.1782052081344,-1.66634853018388,3.00232424564204,-0.200795412178186,0.0596166000000316,0.0735,-0.0352951999999612
2.848,-21.2870447245374,-8.68910842480016,30.1297309945184,-1.56767133956974,3.19962266180477,-0.344676529000418,0.0600406800000315,0.0735,-0.0354900799999597
2.856,-26.2868890757313,-9.47608772009653,32.2775848970534,-1.58571479957497,3.93770123930109,-0.159071102863408,0.0604647600000314,0.0735,-0.0356849599999581
2.864,-31.7780946942718,-10.6420983733108,36.4342692508085,-1.8800688243171,4.72618135489252,-0.229902038956965,0.0608888400000314,0.0735,-0.0358798399999566
2.872,-37.9302908612193,-9.43422615503868,39.2207737088947,-1.74479896515213,5.61056630549259,-0.212185117718797,0.0613129200000313,0.0735,-0.0360747199999551
2.88,-38.6916618411185,-11.2446317285007,39.9073041149693,-2.09528373252524,5.70093806901847,-0.298021710752921,0.0617370000000313,0.0735,-0.0362695999999535
2.888,-31.5150605369397,-16.1035570296419,37.0868517138973,-2.48462983925502,4.67971955559976,0.21749595676501,0.0621610800000312,0.0735,-0.036464479999952
2.896,-22.7560996518113,-16.2607633060794,27.1033247986373,-1.75015837952295,3.40495600568544,0.801951767122255,0.0625851600000322,0.0735,-0.0366593599999504
2.904,-29.8592420079582,-15.1313008355068,33.8600661961934,-1.97138251991256,4.43851778510834,0.777252444754163,0.0630092400000377,0.0735,-0.0368542399999489
2.912,-34.27039011295,-13.9657223020552,41.0221531592864,-2.22279731526498,5.1233003504237,0.644231615271735,0.0634333200000432,0.0735,-0.0370491199999473
2.92,-34.1515358350859,-11.7782388427591,43.5384872619858,-2.29819484365848,5.11757183472165,0.433119143495764,0.0638574000000487,0.0735,-0.0372439999999458
2.928,-32.0290455052697,-10.4651404449171,45.0243705787875,-2.46909330772743,4.84818326847959,0.403682685971525,0.0642814800000542,0.0735,-0.0374388799999442
2.936,-32.5880819482779,-11.8181277004508,48.4152764684386,-2.60448818017662,4.95533550329735,0.476093949082512,0.0647055600000597,0.0735,-0.0376337599999427
2.944,-35.355774655134,-13.9922759178749,50.2135471991825,-2.84005931395042,5.34332669878089,0.837993782634413,0.0651296400000652,0.0735,-0.0378286399999411
2.952,-36.5179452970525,-14.2007171760227,53.4364424254271,-2.91219483181837,5.55773387601808,1.07595159179317,0.0655537200000707,0.0735,-0.0380235199999396
2.96,-37.5937021808909,-14.4098628436315,53.9284888494461,-2.91662571991919,5.72602364495339,1.33593250028652,0.0659778000000762,0.0735,-0.038218399999938
2.968,-34.6520825660703,-14.4898447377672,54.694119019727,-2.9040854073019,5.33399152240996,1.49805134281865,0.0664018800000816,0.0735,-0.0384132799999365
2.976,-31.9619957318106,-10.1603149243795,53.5851633980715,-2.53522881764159,4.95102255510206,1.32094071646615,0.0668259600000871,0.0735,-0.038608159999935
2.984,-30.1393910175447,-2.30554461671301,50.7813788367044,-1.7939171638373,4.63329456164843,0.969230283009855,0.0672500400000926,0.0735,-0.0388030399999334
2.992,-29.4738358491058,5.4988210298712,49.0862439863302,-1.11867348049865,4.47787671179699,0.635130486327655,0.0676741200000981,0.0735,-0.0389979199999319
3,-31.1402579231638,8.36816059257634,52.375165575281,-0.818165317487723,4.67212601514341,0.760635240206488,0.0680982000001036,0.0735,-0.0391927999999303
3.008,-37.5632084769918,9.02113169980703,57.2718151028749,-0.732491668786615,5.54751942092247,0.748756622022938,0.0685222800001091,0.0735,-0.0393876799999288
3.016,-39.2510101444802,9.52127070542416,58.4659219377703,-0.621705668966403,5.72549526640553,0.676312345050124,0.0689463600001146,0.0735,-0.0395825599999272
3.024,-37.3271967203658,10.3214313681885,60.6987302733585,-0.703468583754072,5.4694878055421,0.682047473072263,0.0693704400001201,0.0735,-0.0397774399999257
3.032,-41.3772528506412,9.55033936402258,64.5763932079682,-0.875436576930168,6.05905992995226,0.748117004588232,0.0697945200001256,0.0735,-0.0399723199999241
3.04,-36.3489790248579,10.2430531145841,65.9824729710019,-0.902679908664667,5.39112122093129,0.562162086166739,0.070218600000131,0.0735,-0.0401671999999226
3.048,-18.9968914879001,15.727736838682,60.146396906001,-0.633877723058488,3.0857637485251,-0.0282962164258062,0.0706426800001365,0.0735,-0.040362079999921
3.056,-8.19128739467012,15.7317229297046,52.3508482285318,-0.50041341392505,1.55336662249825,-0.0672493084053696,0.071066760000142,0.0735,-0.0405569599999195
3.064,-14.5753932417206,16.2507438138409,53.6005651693422,-0.0948076219991553,2.44136095528429,0.0756905647574393,0.0714908400001475,0.0735,-0.040751839999918
3.072,-21.862506848306,15.2439524613932,57.6069937125986,-0.119081833845582,3.47027656468656,0.0637930442037846,0.071914920000153,0.0735,-0.0409467199999164
3.08,-22.4220333481227,13.5558426640608,61.3538130788249,-0.254970253685115,3.58419050536037,0.155417245035273,0.0723390000001585,0.0735,-0.0411415999999149
3.088,-24.0107067191828,13.8180327450115,62.0463245688824,-0.118856617604105,3.79677631900085,0.0358493173533251,0.072763080000164,0.0735,-0.0413364799999133
3.096,-29.5123381739058,14.5654890707883,63.3794430306095,0.10830144871957,4.54583601892894,0.292408534665656,0.0731871600001695,0.0735,-0.0415313599999118
3.104,-23.9605703216996,15.3165195765303,57.4463733626029,0.312328445765965,3.78519745548672,0.30280687201975,0.073611240000175,0.0735,-0.0417262399999102
3.112,-18.6216667388521,15.444876445727,56.435375760227,0.350537577364709,3.04138382909921,-0.0290212655349609,0.0740353200001804,0.0735,-0.0419211199999087
3.12,-22.101351740355,12.7379589466896,57.4785054735993,0.115994928823715,3.53413576483556,0.112056786979141,0.0744594000001859,0.0735,-0.0421159999999071
3.128,-29.9531463747278,8.46850699760681,60.2794513551117,-0.238958819704227,4.64516664348707,0.303040428030996,0.0748834800001914,0.0735,-0.0423108799999056
3.136,-29.1407927677102,7.53923864435109,59.0604388121123,-0.359064808908434,4.54034759032429,0.00631224691181648,0.0753075600001969,0.0735,-0.042505759999904
3.144,-30.625608388525,5.24967841448458,54.5447485843466,-0.766389172144357,4.69358768214231,-0.266302769186089,0.0757316400002024,0.0735,-0.0427006399999025
3.152,-31.1946829737114,3.52921224785071,53.2402994060638,-1.16134318327716,4.77574715827809,-0.528364565592186,0.0761557200002079,0.0735,-0.0428955199999009
3.16,-30.8296754600897,4.42457229794955,49.4804548946888,-1.00572611189715,4.68877951095125,-0.499379610967693,0.0765798000002134,0.0735,-0.0430903999998994
3.168,-31.0995513373295,2.51389744008456,50.0301934065622,-1.29216519795071,4.73927282855427,-0.483134402814089,0.0770038800002189,0.0735,-0.0432852799998979
3.176,-29.6970337437953,-1.16512051356383,51.6967753864158,-1.79513079630054,4.56895843425522,-0.502060231270543,0.0774279600002244,0.0735,-0.0434801599998963
3.184,-32.4977066670109,-0.984918931524849,54.5626823749544,-1.64810873151453,4.98571150440655,-0.498291083796714,0.0778520400002298,0.0735,-0.0436750399998948
3.192,-33.8013441374809,0.00510766147734157,55.6758477901303,-1.53550290554413,5.17499436753688,-0.491158486416869,0.0782761200002353,0.0735,-0.0438699199998932
3.2,-35.8817063648488,1.7718073088863,56.0757239923317,-1.21276545306783,5.44409083423087,-0.702008671402523,0.0787002000002408,0.0735,-0.0440647999998917
3.208,-34.8890008545486,0.937848349352004,53.7992350030054,-1.03487142740419,5.30101353254356,-0.439233712283708,0.0791242800002463,0.0735,-0.0442596799998901
3.216,-31.4352858730375,0.383486038358663,52.9653585116625,-0.861168915908065,4.80570381446103,-0.0943306009707572,0.0795483600002518,0.0735,-0.0444545599998886
3.224,-35.9172030420481,0.681917817293335,53.1204141222539,-0.683650021475594,5.42620442010444,0.163594085777567,0.0799724400002573,0.0735,-0.044649439999887
3.232,-32.4524652940264,-2.19837235591411,45.5522383426086,-0.814690524800979,4.87780096704436,0.198248993750836,0.0803965200002628,0.0735,-0.0448443199998855
3.24,-29.5114750131711,-4.49355960082073,38.3507060969874,-0.872993201240647,4.41142562387242,0.258431530336221,0.0808206000002683,0.0735,-0.0450391999998839
3.248,-39.1187727538495,-3.27336967929192,42.5631584680239,-0.687896310686708,5.75692894049421,0.484366616908145,0.0812446800002738,0.0735,-0.0452340799998824
3.256,-40.6551773077544,-0.190515547779178,43.8880264462893,-0.325090626500967,6.00243482264819,0.389981180451136,0.0816687600002792,0.0735,-0.0454289599998808
3.264,-41.4787214810216,3.23947737461292,43.5930736295805,0.294279334331864,6.14101722267376,0.269514537842186,0.0820928400002847,0.0735,-0.0456238399998793
3.272,-41.7614775688709,2.64287297606376,40.4901422442566,0.296521834824522,6.17522743283036,0.22492018482038,0.0825169200002902,0.0735,-0.0458187199998778
3.28,-35.3412927395583,1.77077878789361,35.9542083013771,0.173181590761434,5.25321605864484,0.129279088254928,0.0829410000002957,0.0735,-0.0460135999998762
3.288,-33.0952178296678,1.68711607164126,34.4394856985595,0.203424090114211,4.91593877096557,0.153064456835209,0.0833650800003012,0.0735,-0.0462084799998747
3.296,-36.9436664117619,0.0652439514269617,32.0895946005117,0.0341897799195175,5.39870381065987,0.505973961464574,0.0837891600003067,0.0735,-0.0464033599998731
3.304,-18.4948171593574,1.24417520110529,17.9863031800652,0.322912271165431,2.74694074374572,0.443831520285408,0.0840002179882195,0.0735,-0.0465007993006188
3.312,-18.2656740735853,-0.203063402421049,13.6269945567913,0.141010552016652,2.65377763668019,0.408483783089351,0.0839982539635958,0.0735,-0.0465007990408809
3.32,-20.9363657590949,-0.509660370615447,12.058801350603,0.0521190003156342,2.98520519763721,0.349578964873357,0.083996289939358,0.0735,-0.046500800299502
3.328,-21.6326170877136,0.274497432350778,10.7744569039977,0.14655560639789,3.05383846895188,0.394257965536512,0.0839943259166802,0.0735,-0.0465008030764814
3.336,-22.7585497806873,0.0200210947977563,10.016718277739,0.104841034029999,3.18832241000543,0.408443392356766,0.0839923618967361,0.0735,-0.0465008073718174
3.344,-23.0471502849583,0.0208696865151487,9.37538889744283,0.0955113633667075,3.21541858901931,0.364094257065452,0.0839903978806996,0.0735,-0.0465008131855075
3.352,-23.514168056408,-0.214082291115601,8.56303273751139,0.0542809717535569,3.26098280544443,0.342081776572897,0.0839884338697445,0.0735,-0.0465008205175481
3.36,-23.5204497948501,-0.293804611107051,8.20951461889592,0.035989252574465,3.25934257088218,0.303474628698077,0.0839864698650445,0.0735,-0.046500829367935
3.368,-29.7405703214646,-0.501126771075563,8.81641815007658,-0.0308487833789107,4.09651600938939,0.288032765832018,0.0839826979718254,0.0735,-0.0465008506234288
3.376,-31.5856806309691,0.898636779382835,9.55027209038072,0.167667447272668,4.34978888015351,0.235502941850262,0.083977118246646,0.0735,-0.0465008923366795
3.384,-30.0209912647301,1.29535073792302,11.1554401694353,0.214022085962441,4.14721110369904,0.206862034213599,0.0839715386265428,0.0735,-0.0465009463049647
3.392,-27.9564630340697,1.76864745009748,11.1921378820976,0.311104544420589,3.84864399981621,0.269216254029642,0.083965959138432,0.0735,-0.0465010125280248
3.4,-28.3993854165934,1.44392017303895,10.9308577340971,0.26720831557403,3.90406296161195,0.308330270816735,0.0839603798092291,0.0735,-0.0465010910055396
3.408,-27.3352063730993,0.376057404927824,10.6203256018653,0.137520673765129,3.76105318312744,0.276412897424875,0.0839548006658493,0.0735,-0.046501181737131
3.416,-24.573490305351,-0.206108924002515,9.50050750065527,0.0187159019219205,3.3814978977184,0.267251235163327,0.0839492217352068,0.0735,-0.0465012847223612
3.424,-23.7498554438783,-0.46716330165696,9.10472995228503,-0.0568919300558748,3.25755967138676,0.255105916766713,0.0839436430442142,0.0735,-0.0465013999607332
3.432,-22.0674552372748,-0.294070489853627,8.70075684060245,-0.0195507579140016,3.02312351872711,0.192309347601032,0.0839380646197836,0.0735,-0.0465015274516911
3.44,-21.0744001807426,-0.465927709719829,7.19084945011229,-0.0439571112994307,2.87635989309032,0.149110442745677,0.0839319201924748,0.0735000000000055,-0.0465016820669219
3.448,-25.4529107434003,-0.883585145490481,6.39255099160113,-0.0930402430439347,3.45293499839115,0.229384243930545,0.0839252099021413,0.0735000000000166,-0.0465018679158312
3.456,-19.738869964663,-0.283437806982951,5.50546503232834,-0.00269887522412829,2.67359500376695,0.262573525109632,0.0839185001263085,0.0735000000000278,-0.0465020714949344
3.464,-21.3344690388778,0.276882053332848,5.95895818798297,0.0644561488922788,2.88404740783214,0.154415828449447,0.0839117909118238,0.0735000000000389,-0.0465022928028096
3.472,-24.5336974636633,-0.839289348948708,7.01197955901424,-0.105081540649677,3.30000604493026,0.196171960896219,0.0839050823055308,0.07350000000005,-0.0465025318379121
3.48,-22.7614197149884,0.504941620807675,7.26806251901634,0.0720356671458949,3.07237341313788,0.25734914834119,0.0838983743542685,0.0735000000000611,-0.0465027885985727
3.488,-21.6028525428753,1.33705918472947,7.88676842280428,0.200608640127931,2.90347995290582,0.177660872908165,0.0838916671048714,0.0735000000000722,-0.0465030630829988
3.496,-21.3700871588612,1.80671027436177,7.98374019954388,0.258126531861905,2.86363851297193,0.182105163387268,0.083884960604169,0.0735000000000833,-0.0465033552892739
3.504,-19.4766250957448,1.98771164988323,7.86828806433579,0.270822504829925,2.60297241339663,0.192158653930095,0.0838782548989863,0.0735000000000944,-0.0465036652153579
3.512,-16.4215043551233,3.32009161405386,7.04123276874074,0.471120409287121,2.18455367539121,0.109553761196476,0.0838713881403262,0.0735000000000944,-0.0465040009899765
3.52,-16.3799039895012,4.0333873623873,7.15474986744961,0.547242099014371,2.16561291771613,0.0276542553209574,0.0838643604427909,0.0735000000000833,-0.0465043639250921
3.528,-14.8773448185241,4.04886170571655,6.89911816636036,0.554281440302962,1.94866602768823,-0.00829135536687955,0.0838573337775275,0.0735000000000722,-0.0465047463251731
3.536,-15.2190254911168,3.37045705560047,6.23873761885583,0.500031654032906,1.96393234415887,-0.0581992657265098,0.0838503081984492,0.0735000000000611,-0.0465051481872857
3.544,-16.2421728836929,1.29292403326759,6.6535176256862,0.259028228256564,2.0999581897015,-0.0421591077675128,0.0838432837594607,0.07350000000005,-0.0465055695083465
3.552,-17.5890866527451,-0.645975139703366,6.96915910166913,0.135490074215259,2.26087294480284,-0.0157574573800178,0.083836260514457,0.0735000000000389,-0.0465060102851227
3.56,-18.9887972692264,-2.136032644218,9.29557609088725,-0.186306104760578,2.44756462998217,0.00953118765505757,0.0838292385173257,0.0735000000000278,-0.0465064705142324
3.568,-24.1992690623701,-3.72315341620802,12.4559351618709,-0.484959293889845,3.13016131655187,0.0387121023550986,0.083822217821944,0.0735000000000166,-0.0465069501921445
3.576,-27.3117616218297,-4.61365236145926,14.8081582210184,-0.642147528533064,3.57329075730541,0.0652190966667748,0.0838151984821786,0.0735000000000055,-0.0465074493151787
3.584,-29.6513374099608,-4.43431704252349,15.6610760603142,-0.654732545110932,3.89880268356606,0.141166953407415,0.0838081805518864,0.0734999999999944,-0.0465079678795053
3.592,-31.6847519445386,-4.73113035626566,18.3244217123963,-0.650425499995487,4.21708574450364,0.376107052215123,0.0838011640849136,0.0734999999999833,-0.0465085058811457
3.6,-32.3679359432122,-6.43076604945802,18.726845158891,-0.894994078407512,4.29886008906427,0.427445392221311,0.0837941491350948,0.0734999999999722,-0.0465090633159718
3.608,-34.6678378649784,-6.64277923648966,17.4612379585056,-0.777066022383388,4.6057833110242,0.583726072149799,0.0837871357562532,0.0734999999999611,-0.0465096401797067
3.616,-36.0062987870266,-7.42749153561833,18.2045223951146,-0.771667916075588,4.78603313538052,0.769583573113874,0.0837801240021998,0.07349999999995,-0.0465102364679244
3.624,-35.1303825286914,-6.27672892367855,16.8732313284045,-0.505308116527447,4.67934603661976,0.887739979344866,0.0837731139267329,0.0734999999999389,-0.0465108521760496
3.632,-35.1360211533753,-6.60728751617983,15.8929822590592,-0.460562125590316,4.6804260549104,1.012407112079,0.0837661055836387,0.0734999999999278,-0.0465114872993584
3.64,-37.4466483788031,-5.78143184774537,13.5135192242971,-0.177947060557491,4.91599918747681,1.00421300470678,0.0837590990266893,0.0734999999999167,-0.0465121418329778
3.648,-35.3623704055971,-4.72645511486488,14.4464358523535,0.00904002389134695,4.712255289936,1.04515281834466,0.0837520943096434,0.0734999999999056,-0.0465128157718857
3.656,-33.7056237070711,-4.17705586387354,12.7704928314016,0.0348091324764568,4.48225045138223,0.964092331691829,0.0837450914862456,0.0734999999998945,-0.0465135091109113
3.664,-32.8985499004344,-4.74238535496787,12.1251114164313,-0.1300759593295,4.39022124723663,0.943433472115005,0.0837380906102259,0.0734999999998834,-0.0465142218447346
3.672,-36.789680724822,-4.09900076224605,13.3783715549075,-0.0747054242170969,4.90638711990689,1.0483042665773,0.0837310917352995,0.0734999999998723,-0.0465149539678873
3.68,-40.010663379611,-5.34491844994761,17.0228142455564,-0.16414056314019,5.35542768886005,1.1756203995172,0.0837240949151663,0.0734999999998612,-0.0465157054747521
3.688,-40.1712301810503,-4.23791629463571,15.8789181599952,-0.0537273867637509,5.35310815445307,1.09619503510594,0.0837171002035099,0.0734999999998501,-0.0465164763595629
3.696,-41.7951734083652,-4.27513135535522,18.8588856791463,-0.0280494632755537,5.56888555840318,1.16041225549746,0.0837101076539983,0.073499999999839,-0.0465172666164049
3.704,-41.0223884805013,-4.12126371904502,19.6072086681709,0.0527642938234851,5.43910389503024,1.12382338877908,0.0837031173202831,0.0734999999998279,-0.0465180762392148
3.712,-41.4517725016594,-4.09967835058104,22.7911566945385,0.1045960811765,5.4738166980829,1.19746951569734,0.0836961292559981,0.0734999999998168,-0.0465189052217807
3.72,-42.5640863251037,-3.20007479847912,23.7100826493007,0.17909956114455,5.58256915604944,1.13979845455246,0.0836891435147604,0.0734999999998057,-0.0465197535577423
3.728,-41.9647864361107,-3.28507342816906,24.8277757506097,0.217584635011667,5.48473073586381,1.12066043643761,0.0836821601501687,0.0734999999997946,-0.0465206212405904
3.736,-36.6977169573737,-4.0959198833264,20.445889025858,0.117087731901067,4.77575555865661,1.05279060445262,0.0836751792158039,0.0734999999997835,-0.0465215082636677
3.744,-21.3564151985472,-1.97339580349869,17.3005121686301,0.312302384380718,2.69305489991884,0.427902004016187,0.0836682007652281,0.0734999999997724,-0.0465224146201683
3.752,-28.7428606161455,-0.599813286745976,24.3790524685,0.616577327429034,3.64489150491668,0.577154823900045,0.0836612248519844,0.0734999999997613,-0.0465233403031382
3.76,-32.892606545082,-1.00792164553132,29.5803219630555,0.645340486506336,4.1597047282889,0.774071103493263,0.0836542515295962,0.0734999999997502,-0.0465242853054749
3.768,-36.477015306076,-1.95251759227255,33.9332105418278,0.633246346767956,4.61131634147784,0.943642069316916,0.0836472808515673,0.0734999999997391,-0.0465252496199277
3.776,-36.82890922332,-2.33623223385474,37.5359597453279,0.63933614971203,4.63822277357646,0.94865568935921,0.0836403128713813,0.073499999999728,-0.0465262332390978
3.784,-37.9222900172412,-3.69090903829282,40.1539916330041,0.519723588710755,4.74064066525284,0.996260092251586,0.0836333476425005,0.0734999999997169,-0.0465272361554383
3.792,-40.3220963739429,-4.70490259481657,42.7887641410267,0.441521330599872,5.01996827495757,1.18116880178803,0.083626385218367,0.0734999999997058,-0.0465282583612541
3.8,-39.6619459264522,-7.03688545219518,43.038313996174,0.132870000576925,4.92876823635066,1.22028001027542,0.0836194256524005,0.0734999999996947,-0.0465292998487023
3.808,-37.6978347552827,-7.82386062951774,43.6373892012179,0.0186315560331183,4.63097551482152,1.08327890501746,0.0836124689979995,0.0734999999996836,-0.046530360609792
3.816,-36.4715009139348,-7.03761899884128,43.3406292861218,0.147991769457109,4.44583854203663,1.04931875681806,0.0836055153085395,0.0734999999996725,-0.0465314406363844
3.824,-36.7861152714125,-9.30670091883462,43.6162444630165,-0.114929791866122,4.49014413258575,1.17006576512999,0.0835985646373737,0.0734999999996614,-0.0465325399201927
3.832,-34.5217141829143,-11.0085017957571,42.2221778231271,-0.334146711738037,4.16152828969338,1.19147766909758,0.083591617037832,0.0734999999996503,-0.0465336584527825
3.84,-36.8125747373234,-12.3433122423014,42.3556085615219,-0.463917963789568,4.43131686521438,1.27858702556767,0.0835846725632207,0.0734999999996392,-0.0465347962255718
3.848,-36.4747316171619,-12.4066603323047,43.0716622897958,-0.509221209566886,4.35645736652887,1.28120750618484,0.0835777312668222,0.0734999999996281,-0.0465359532298308
3.856,-36.9868719035971,-14.7776723945044,44.6600647855672,-0.873137152033169,4.40660902526022,1.29729275739587,0.0835707932018946,0.073499999999617,-0.0465371294566825
3.864,-32.5442780607532,-16.4501971714832,42.5044549771885,-1.32473639695556,3.81500590116625,1.03459187759648,0.083563858421671,0.0734999999996059,-0.0465383248971019
3.872,-27.5932053498311,-16.6987978155855,40.457453639365,-1.55880396476643,3.16695309145024,0.756693885609567,0.0835569269793595,0.0734999999995948,-0.0465395395419168
3.88,-32.8574885531803,-17.8861286973,40.3457765191169,-1.79525726069331,3.85456048620205,0.748363809811,0.0835499989281424,0.0734999999995837,-0.0465407733818079
3.888,-32.3277925495887,-17.5987788516841,38.9176854963742,-1.89277353620747,3.78951327868998,0.701919006847391,0.0835430743211757,0.0734999999995726,-0.0465420264073082
3.896,-31.5878105897888,-13.5579730646748,36.9417852358183,-1.53833227347603,3.70856141960613,0.631417224881882,0.0835361532115898,0.0734999999995615,-0.0465432986088039
3.904,-29.2329902431608,-7.5502120452331,34.2520238454963,-0.900029982649594,3.43064351713366,0.33603740107686,0.0835292356524875,0.0734999999995504,-0.0465445899765337
3.912,-29.8888969721545,-6.39753688676195,32.5894147945625,-0.756073570224107,3.51046593865522,0.491742545592099,0.083522321696945,0.0734999999995393,-0.0465459005005895
3.92,-31.6404657825258,-8.45795439229069,31.4165028532263,-0.98915394515777,3.76882480957133,0.724662985512152,0.0835154113980106,0.0734999999995282,-0.0465472301709161
3.928,-32.0336705908954,-9.51528523215424,29.5886352639239,-1.17749795137014,3.8152402778803,0.707339412564435,0.0835085048087039,0.073499999999517,-0.0465485789773114
3.936,-36.4975988089939,-10.5566589542095,27.8550967726131,-1.27341742269545,4.43070381376041,0.687618466777771,0.0835016019820167,0.0734999999995059,-0.0465499469094267
3.944,-39.3153727703671,-12.4266612460499,25.9535791991292,-1.47321786870027,4.86271580353994,0.677419600977568,0.0834947029709118,0.0734999999994948,-0.0465513339567662
3.952,-39.2110552871565,-13.8304061069822,23.4766885924747,-1.59864326532681,4.89805893806661,0.835132318924559,0.083487807828323,0.0734999999994837,-0.0465527401086876
3.96,-36.6371033586223,-13.7131928264123,21.8320830087328,-1.54260724112378,4.59364702696524,0.880748941104237,0.0834809166071542,0.0734999999994726,-0.046554165354402
3.968,-37.9117890263007,-15.3391388400717,20.2937901794168,-1.75098939790271,4.80406138239848,0.664866992623101,0.0834740293602788,0.0734999999994615,-0.0465556096829742
3.976,-40.7849585302276,-15.750719499169,20.0175650118462,-1.85077885986136,5.20052236823737,0.475753410156161,0.0834671461405405,0.0734999999994504,-0.0465570730833222
3.984,-41.8917906589367,-15.0434554666686,20.2991003127883,-1.77536181000784,5.31037057389672,0.592849157509448,0.0834602670007514,0.0734999999994393,-0.046558555544218
3.992,-41.797048871835,-15.8597323772183,21.3242527367583,-1.90918862685474,5.29324462071467,0.552764281632394,0.0834533919936927,0.0734999999994282,-0.0465600570542872
4,-43.8877110869659,-15.6218982004517,20.2472206582494,-1.91257146038247,5.57712448560363,0.432445859803317,0.083446521172114,0.0734999999994171,-0.0465615776020091
4.008,-40.9029830008809,-15.2365195438501,21.2136041735216,-1.91374992739117,5.16368706190433,0.302207688254337,0.0834396545887319,0.073499999999406,-0.0465631171757173
4.016,-40.251140916234,-15.2367075451865,20.2303331457319,-1.89617432414223,5.09850017276153,0.309821149402767,0.0834327922962315,0.0734999999993949,-0.0465646757635993
4.024,-40.7697079699964,-15.8007277692242,21.6490795050061,-1.91236976387578,5.18198735070003,0.360704348017904,0.0834259343472647,0.0734999999993838,-0.0465662533536965
4.032,-36.3098161546961,-15.4977746238365,20.6907370504041,-1.82949705420788,4.54886125081424,0.497414206406404,0.0834190807944499,0.0734999999993727,-0.0465678499339045
4.04,-32.294857750872,-15.7450119168774,16.225369836927,-1.63993589817332,4.15775395877417,0.67022693259796,0.0834122316903721,0.0734999999993616,-0.0465694654919737
4.048,-28.6683386851083,-18.4360950001651,9.78540259942526,-1.63108119770084,3.8258174363591,0.784560830292049,0.0834053870875816,0.0734999999993505,-0.0465711000155082
4.056,-31.7615157465283,-17.8777366160664,11.1934665362158,-1.51742380015601,4.22097839111199,0.92509300832604,0.0833985470385944,0.0734999999993394,-0.046572753491967
4.064,-32.7857185298831,-17.5460234092394,12.1815823879253,-1.45488713644073,4.31657132935873,0.854687108756836,0.083391711595892,0.0734999999993283,-0.0465744259086636
4.072,-34.9641542738216,-15.9201212583937,12.4042946533558,-1.26100378732056,4.55501122960203,0.791156490537385,0.0833848808119199,0.0734999999993172,-0.0465761172527661
4.08,-38.5678491702784,-13.6655565910999,12.8544416554138,-1.06121735304794,4.97138930354712,0.701513532197901,0.0833780547390884,0.0734999999993061,-0.0465778275112978
4.088,-35.6438860512124,-10.5633505972357,11.6124223447032,-0.720453516137528,4.55559989829349,0.838910170281077,0.0833712334297712,0.073499999999295,-0.046579556671136
4.096,-31.0234835927215,-11.593219424952,8.93394189548412,-0.918508238903225,4.00175472373448,0.723973010601962,0.0833644169363058,0.0734999999992839,-0.0465813047190138
4.104,-23.3483258933305,-12.9094115605076,6.20837084404287,-1.15082179752247,3.02294923280926,0.716712528384605,0.0833576053109928,0.0734999999992728,-0.0465830716415191
4.112,-21.4958753089687,-11.8583471314417,6.08486829288319,-1.02016057813339,2.7829384282971,0.67990952185852,0.0833507986060946,0.0734999999992617,-0.0465848574250949
4.12,-26.3784044354622,-11.1893748496567,5.91321302522498,-0.93663518883741,3.37693760118385,0.678307847489389,0.0833439968738374,0.0734999999992506,-0.0465866620560396
4.128,-27.4272623872312,-11.6338460133931,5.45461242023494,-1.03403728104879,3.53202693861168,0.755027865721134,0.0833372001664078,0.0734999999992395,-0.0465884855205069
4.136,-26.2192772176693,-9.45387688636222,6.35378504373288,-0.767025724755865,3.36073048552066,0.769987503446888,0.0833304085359546,0.0734999999992284,-0.046590327804506
4.144,-25.4778313754768,-8.99340332815149,6.25464445490865,-0.681610567818759,3.24203115351102,0.699996768685098,0.0833236220345874,0.0734999999992173,-0.0465921888939017
4.152,-24.9718191464577,-8.97130924448431,6.66747235048669,-0.682933042491529,3.16696388353054,0.730748581932967,0.0833168407143764,0.0734999999992062,-0.0465940687744146
4.16,-27.0036298111211,-9.34411827348531,7.43787799650163,-0.764279742351686,3.40616280467031,0.584344008735799,0.0833100646273523,0.0734999999991951,-0.046595967431621
4.168,-26.3484224262442,-8.60515880058474,8.55313396581676,-0.681077942074576,3.30059803950599,0.515037070146634,0.0833032938255056,0.073499999999184,-0.0465978848509534
4.176,-22.8296112929679,-8.08919882718153,8.88649218621543,-0.64030131731322,2.85109286238266,0.481567279295961,0.0832965283607858,0.0734999999991729,-0.0465998210177001
4.184,-22.6760328676296,-6.31242680730936,10.2750786842747,-0.400225652870491,2.78823890008696,0.393843393767021,0.0832897682851019,0.0734999999991618,-0.0466017759170056
4.192,-27.042109335937,-5.77456861021582,10.9879635795323,-0.363217977038601,3.30920191291092,0.272773209629964,0.0832830136503217,0.0734999999991507,-0.0466037495338705
4.2,-27.8019916898477,-6.02325304759336,11.271202221461,-0.412474887235198,3.39165577356588,0.317447072899537,0.0832762645082709,0.0734999999991396,-0.0466057418531522
4.208,-23.5908737575534,-4.93783784019999,10.4257660781955,-0.306455363818378,2.84399677434476,0.20672511432183,0.0832695209107328,0.0734999999991285,-0.0466077528595643
4.216,-22.9599648141396,-4.80767355069292,10.8449405243075,-0.308247402539807,2.74185802243155,0.165290727510301,0.0832627829094489,0.0734999999991174,-0.0466097825376771
4.224,-24.7768856907605,-4.09742490704029,10.8000754556625,-0.205869923888138,2.9658879260247,0.260988599043625,0.083256050556117,0.0734999999991063,-0.0466118308719178
4.232,-23.7731385753325,-4.06449641712104,10.4919743682645,-0.240521676516495,2.845625333831,0.167022241956078,0.083249323902392,0.0734999999990952,-0.0466138978465699
4.24,-25.0796334842018,-3.46276418777932,10.4794630246235,-0.164502504293115,3.02492545003165,0.241771408933292,0.0832426029998854,0.0734999999990841,-0.0466159834457746
4.248,-28.3534445542221,-3.04299145970186,10.7524395188461,-0.121465595890089,3.4196181062059,0.335876575027376,0.0832358879001642,0.073499999999073,-0.0466180876535298
4.256,-27.1914458836625,-2.34026351258124,11.5490305105388,-0.0396413089460641,3.25857213597427,0.290073888113142,0.0832291786547504,0.0734999999990619,-0.0466202104536906
4.264,-25.5558621449685,-1.13387790751506,11.8060489578426,0.100169236260574,3.01795175749912,0.328780608445138,0.0832224753151219,0.0734999999990508,-0.0466223518299697
4.272,-26.2465656304417,-0.444406594794602,11.2718781681332,0.169529826864558,3.10353940524232,0.298700375823007,0.0832157779327108,0.0734999999990397,-0.046624511765937
4.28,-27.1991697695185,2.37717700397825,12.0467719752972,0.490381162391549,3.19765778032396,0.28935340694678,0.0832090865589035,0.0734999999990286,-0.0466266902450202
4.288,-25.4782889035754,0.335641905492172,12.8822909126742,0.279427616199589,2.93562934236833,0.272458605734739,0.0832024012450404,0.0734999999990174,-0.0466288872505047
4.296,-25.7422590667946,-0.102897945786173,12.712896887887,0.234144981740204,2.96115309943192,0.219390012317881,0.0831957220424155,0.0734999999990063,-0.0466311027655334
4.304,-25.6926759585437,0.234400888625382,13.4079858198372,0.287151451157086,2.93643927871761,0.180220642324684,0.0831890490022761,0.0734999999989952,-0.0466333367731077
4.312,-28.5466425443337,1.76849435092904,13.0380566230374,0.422010826497625,3.30353930237165,0.178421990950641,0.0831823821758216,0.0734999999989841,-0.046635589256087
4.32,-24.7011624941336,2.96705343657599,13.9263223549668,0.544908840218141,2.76801443911252,0.158852059264449,0.0831757216142043,0.073499999998973,-0.0466378601971888
4.328,-24.3349739997383,2.67784737823259,12.6717634302508,0.495562482852151,2.73712278051085,0.143017776309348,0.0831690673685281,0.0734999999989619,-0.0466401495789888
4.336,-26.5997793039597,2.41383488194875,12.6920018853339,0.479475035887095,3.04195350812481,0.159333784506235,0.0831624194898486,0.0734999999989508,-0.0466424573839215
4.344,-25.1601703777157,2.29756315368005,11.6645854326125,0.455135345599306,2.88108493426132,0.153023018903342,0.0831557780291723,0.0734999999989397,-0.04664478359428
4.352,-23.2227803243463,2.5347154699051,10.9295591495498,0.471419507811304,2.65074255089518,0.16018687755419,0.0831491430374569,0.0734999999989286,-0.0466471281922163
4.36,-21.3766311351152,3.14392113500083,9.73334232797682,0.53961323554149,2.4373319752092,0.185757999483975,0.08314251456561,0.0734999999989175,-0.046649491159741
4.368,-21.8882748369275,2.85849292825959,8.45813748892448,0.473240222476986,2.5417900170858,0.119916528570283,0.0831358926644898,0.0734999999989064,-0.0466518724787239
4.376,-21.2484917820154,2.51153717330196,6.24073810204307,0.387034411889452,2.5162231161467,0.0604215731833838,0.0831292773849034,0.0734999999988953,-0.0466542721308942
4.384,-13.9398529370224,1.72890596954547,1.76699571831137,0.217294033939437,1.73210203603057,-0.0315386945611254,0.0831226687776073,0.0734999999988842,-0.0466566900978401
4.392,-11.0761307219943,2.33459597773013,0.775219349809335,0.325925343837694,1.41648365453524,-0.0236866538524737,0.083116066893307,0.0734999999988731,-0.0466591263610096
4.4,-11.5352347387867,2.81684874632492,-0.686927645765651,0.314565887826783,1.49921736092089,0.0903587622177576,0.0831094717826562,0.073499999998862,-0.04666158090171
4.408,-10.3935020945337,2.18097450039161,-0.208598455451005,0.264878581902215,1.34562341214448,-0.0044697605662708,0.083102883496257,0.0734999999988509,-0.0466640537011085
4.416,-10.161939353106,1.89675360958927,-0.717754904579009,0.208543534656578,1.32130049962269,0.0461776721443825,0.0830963020846587,0.0734999999988398,-0.0466665447402325
4.424,-9.72957470439063,2.4655053801468,-0.375868487134526,0.265847874074997,1.25801915053514,-0.0250481752226158,0.083089727598358,0.0734999999988287,-0.046669053999969
4.432,-11.7923208912568,1.37623453895823,-0.451096595458843,0.143069724969843,1.52218795472124,-0.0125306914828049,0.0830831600877983,0.0734999999988176,-0.0466715814610653
4.44,-11.2102871204678,0.233694737666537,-0.54541868714078,-0.00820866021221262,1.45075015313563,0.0163338511524844,0.0830765996033697,0.0734999999988065,-0.0466741271041292
4.448,-13.036950348718,0.0658084151538576,-0.954869830940152,0.00622174737197589,1.68122068343053,-0.0168314202645092,0.0830700461954087,0.0734999999987954,-0.046676690909629
4.456,-12.90861771324,-0.0139118064153596,-0.943809550740202,0.00225290792387733,1.6636516068776,0.00164133555883245,0.0830634999141969,0.0734999999987843,-0.0466792728578935
4.464,-11.1518543450889,0.267579521672879,-0.422245050898944,0.0458368645548153,1.4283311881271,-0.0511674808921555,0.0830569608099612,0.0734999999987732,-0.0466818729291124
4.472,-12.629751684242,0.0758652742804877,-0.471198487098811,0.00337872833671415,1.60862923479506,-0.0133962049190301,0.0830504289328743,0.0734999999987621,-0.0466844911033362
4.48,-12.3181173548838,-0.265708334626477,-0.95655602622095,-0.0238715686849634,1.58094150723969,-0.0224893162459045,0.0830439043330527,0.073499999998751,-0.0466871273604769
4.488,-13.6368326974043,0.154569940266421,-0.13116526489084,0.0233777567562465,1.7193907776872,-0.0131146503204639,0.0830373870605571,0.0734999999987399,-0.0466897816803072
4.496,-15.2894011515345,0.130052552096849,1.27852358878018,0.0396723541255244,1.87597085738357,0.034899638781855,0.0830308771653919,0.0734999999987288,-0.0466924540424617
4.504,-14.4677254969316,-0.302451744112792,0.590851924763398,0.0107278932256493,1.80071274485013,0.00372995583919895,0.0830243746975055,0.0734999999987177,-0.0466951444264363
4.512,-15.153715221623,-1.08552615886531,0.59927743715946,-0.090984676585122,1.88833864120947,-0.0226133540384081,0.0830178797067886,0.0734999999987066,-0.0466978528115887
4.52,-17.3611719610196,-0.75715910767194,0.486247867318209,-0.0188756940436559,2.17145867321798,-0.109445154788268,0.0830113922430751,0.0734999999986955,-0.0467005791771384
4.528,-14.6757980129904,-0.562940800256541,1.06874488127197,0.0154750540997727,1.80307278132164,-0.0907183574144964,0.0830049123561407,0.0734999999986844,-0.046703323502167
4.536,-15.7208502880395,-1.06263275181691,-0.0620936640448809,-0.0814129403389196,1.96557225408196,-0.0214047911215203,0.0829984400957032,0.0734999999986733,-0.0467060857656184
4.544,-14.1240804892003,-1.06172477892751,-0.389619048530149,-0.0117945684699498,1.77033483822585,-0.153169163333042,0.0829919755114219,0.0734999999986622,-0.0467088659462987
4.552,-15.2333490394783,-1.27619844533912,-0.81619807660657,-0.0875570998295596,1.92979640711689,-0.0366770599636251,0.082985518652897,0.0734999999986511,-0.0467116640228766
4.56,-16.1076029868097,-1.33186621119664,-0.947405380837054,-0.0695985737268384,2.04174438319029,-0.0988644968309857,0.0829790695696697,0.07349999999864,-0.0467144799738837
4.568,-15.2803763803209,-2.42274830511844,-0.788438198192211,-0.210651432287881,1.92036538840001,-0.116886096394126,0.0829726283112215,0.0734999999986289,-0.046717313777714
4.576,-13.177392278665,-2.99638834102188,-1.7129269216229,-0.336603365966629,1.68578509040285,-0.0680992589259282,0.0829661949269736,0.0734999999986178,-0.0467201654126251
4.584,-8.78080514936981,-1.84485718663088,-2.64384342043532,-0.176370416882573,1.15733924909885,-0.12408118683014,0.0829597694662871,0.0734999999986067,-0.0467230348567372
4.592,-9.46974024937371,-2.37533922714085,-3.24458965021104,-0.273376723702887,1.28454038837317,-0.135899234551978,0.0829533519784623,0.0734999999985956,-0.0467259220880341
4.6,-15.0315409823799,-3.23593953157201,-3.40255462109052,-0.412604591528758,1.96698972767824,0.0288771667778645,0.0829469425127378,0.0734999999985845,-0.0467288270843633
4.608,-12.8236437260616,-3.07623050263269,-2.11899044989435,-0.351077647238982,1.63843049123442,-0.0887168904874449,0.0829405411182914,0.0734999999985734,-0.0467317498234358
4.616,-12.5363890527449,-3.81226138828096,-1.8550349185655,-0.469240362774843,1.58107200206422,-0.0083299410742449,0.0829341478442384,0.0734999999985623,-0.0467346902828264
4.624,-14.0939365115266,-2.20175483217968,-1.28061430512353,-0.242659245408433,1.7593222028853,0.0210147247487363,0.0829277627396319,0.0734999999985512,-0.0467376484399741
4.632,-14.2845624173608,-2.012625308948,-0.324449588895971,-0.236326997469456,1.73360997075647,0.0813374846675819,0.0829213858534628,0.0734999999985401,-0.0467406242721822
4.64,-14.9194193239138,-1.36855838414168,-0.75422344681544,-0.150765336533367,1.84058207795654,0.0752659939625476,0.0829150172346583,0.073499999998529,-0.046743617756618
4.648,-11.6295478645283,-1.89092667299598,-1.39453746419061,-0.219460609896372,1.45472389940956,0.0327614214198481,0.0829086569320825,0.0734999999985178,-0.046746628870314
4.656,-11.4607134698534,-1.0034699808895,-1.66934163363708,-0.0841675986057735,1.44747685126201,0.064967898414816,0.0829023049945357,0.0734999999985067,-0.0467496575901667
4.664,-10.7309981421857,-1.13205853694086,-1.95504458674485,-0.120781010857291,1.36318520589155,0.217313860683614,0.0828959614707538,0.0734999999984956,-0.0467527038929378
4.672,-8.84989048874248,-1.14041421065282,-2.1131134414082,-0.14086558493874,1.13478704335567,0.169913208213418,0.0828896264094085,0.0734999999984845,-0.0467557677552546
4.68,-8.94213484074057,-1.69605677350119,-2.54858534132161,-0.19147330677352,1.18313603188165,0.123590874937882,0.0828832998591062,0.0734999999984734,-0.0467588491536087
4.688,-8.97610482063506,-2.13605746036636,-2.97972123155978,-0.250793517394506,1.19426072455768,0.0995463980689378,0.0828769818683882,0.0734999999984623,-0.0467619480643579
4.696,-9.48244779536865,-0.971233948899925,-1.90095994706191,-0.105757696933097,1.20533321256244,-0.00951517331502172,0.0828706724857301,0.0734999999984512,-0.0467650644637255
4.704,-9.67135036406435,0.553899975267703,-1.83908901399125,-0.00728772322361785,1.22749015787178,-0.0786963241638236,0.0828643717595414,0.0734999999984401,-0.0467681983278006
4.712,-9.82030129618884,2.63135753690203,-1.28144257239965,0.239159921006692,1.21485807692941,-0.113150610767906,0.0828580797381653,0.073499999998429,-0.0467713496325381
4.72,-10.0326530774337,4.2487642919442,-0.679498139390546,0.385842549643976,1.21411412747599,-0.118836708240701,0.0828517964698781,0.0734999999984179,-0.046774518353759
4.728,-11.9447670159466,5.44153688500117,-0.942631375520936,0.521739012264335,1.45223298143162,-0.164880545499977,0.0828455220028891,0.0734999999984068,-0.0467777044671513
4.736,-11.5335798390438,5.96220167852198,-1.26794148566984,0.659994092927668,1.38472618614333,-0.166406706226294,0.0828392563853398,0.0734999999983957,-0.0467809079482688
4.744,-13.3559846172903,5.99341637711301,0.00214449013202132,0.614894335439717,1.59379053206496,-0.156733776272595,0.082832999665304,0.0734999999983846,-0.0467841287725326
4.752,-13.762010406679,6.91907903866406,-0.84857474527887,0.715370436012994,1.66998574406238,-0.0988236853036404,0.0828267518907871,0.0734999999983735,-0.0467873669152304
4.76,-15.1055639025427,6.81271138219933,0.318173181007518,0.758188418225744,1.78202135909485,-0.00524285866637134,0.082820513109726,0.0734999999983624,-0.0467906223515171
4.768,-16.7971468372722,6.84136304045464,1.14416064922766,0.783203246686741,1.94974976301164,-0.0683025390052081,0.0828142833699886,0.0734999999983513,-0.046793895056415
4.776,-18.5463979830129,6.79913668821241,2.50082657055086,0.82658672920062,2.11522970818922,-0.102758917410273,0.0828080627193733,0.0734999999983402,-0.0467971850048139
4.784,-18.8461013298734,7.37037836146652,3.72646807650332,0.907919344576151,2.13370198873584,-0.157640178793838,0.0828018512056089,0.0734999999983291,-0.0468004921714713
4.792,-19.6652408053588,7.38274268148164,3.24867229986062,0.932871080819325,2.26526957997923,-0.195173963884405,0.0827956488763537,0.073499999998318,-0.0468038165310123
4.8,-20.1220613326768,6.19450635443822,4.63441361332707,0.854682731076594,2.30572166795164,-0.103985180474959,0.0827894557791964,0.0734999999983069,-0.0468071580579305
4.808,-22.4136018231581,5.7789664312378,5.74098445050788,0.822425585377033,2.55118646963634,-0.0921303711806201,0.0827832719616541,0.0734999999982958,-0.0468105167265876
4.816,-24.6549706100608,5.51892536464668,6.47773219312316,0.796423951853522,2.83476740618311,-0.122658132908859,0.0827770974711728,0.0734999999982847,-0.0468138925112138
4.824,-24.0343719956786,3.82952757920426,7.267192053747,0.691827432206213,2.77240366372864,-0.017251038862585,0.0827709323551274,0.0734999999982736,-0.0468172853859079
4.832,-19.984751142554,4.23620299311995,6.52458600562464,0.743750980472234,2.3197011563708,0.0951419970956949,0.0827654822095815,0.073499999998268,-0.0468203033555119
4.84,-20.8137601554592,4.16438408657612,6.13227057996127,0.747760169729114,2.43350258097363,0.194645808486846,0.0827607441917121,0.073499999998268,-0.0468229412068941
4.848,-22.0852616512469,3.91947130675574,7.20732741951273,0.781808765605671,2.5881410758984,0.251039801835537,0.0827560118152616,0.073499999998268,-0.0468255891658016
4.856,-24.6856987811967,3.639967842994,6.93571728898385,0.731837942880996,2.91591152199904,0.153844065213954,0.082751285101792,0.073499999998268,-0.0468282472201696
4.864,-24.6969734451341,3.4272132885386,7.54433144440233,0.682982249987241,2.89887496489748,0.0669634835825565,0.08274656407284,0.073499999998268,-0.0468309153578869
4.872,-24.840915550825,3.6964582320894,7.47866131716361,0.692415032596232,2.93386334378452,0.0294003521641621,0.0827418487499158,0.073499999998268,-0.0468335935667969
4.88,-24.5514710590447,5.34788276265034,7.51097023518766,0.880485798429174,2.88438435637826,0.0907050345130398,0.0827371391545041,0.073499999998268,-0.0468362818346969
4.888,-25.2685597471279,5.29169936823379,2.1529310572725,1.14880422444623,3.0888769174829,0.0932747831978865,0.0827324353080629,0.073499999998268,-0.0468389801493382
4.896,-24.9167822640351,5.06874274725257,7.99806797742324,0.834184009774253,2.94951510248748,0.153660039567454,0.0827277372320247,0.073499999998268,-0.0468416884984265
4.904,-23.6309246294981,3.03894343691044,8.48887447340796,0.565132524853762,2.77038604567595,0.0828476517028607,0.0827230449477952,0.073499999998268,-0.0468444068696217
4.912,-26.5346553430158,5.05582873268964,8.01909293756597,0.653610662760712,3.11990829521125,0.0783550636715799,0.08271780006103,0.073499999998268,-0.0468474612440951
4.92,-26.5051530843991,5.37692100050061,4.9200238320382,0.652976591717688,3.13925030886937,0.148277444773178,0.0827120049343617,0.073499999998268,-0.0468508556088829
4.928,-25.2986689165083,-1.93935233401761,10.0750591697315,-0.231679424500934,2.84480302775247,0.00271531683485118,0.0827062188012412,0.073499999998268,-0.0468542652817302
4.936,-24.4912742922987,-7.92606474436315,9.46992401830137,-0.900325410494442,2.74566902833729,-0.141388344481071,0.0827004417021053,0.073499999998268,-0.0468576902388084
4.944,-22.78098424026,-7.09089294610127,9.92495217049217,-0.791735936045583,2.50286694134619,-0.079875045502949,0.0826946736773276,0.073499999998268,-0.046861130456182
4.952,-23.9981451314591,-7.28047124394877,10.9484144812778,-0.723865297250365,2.61409357879312,0.0562310670442452,0.0826889147672185,0.073499999998268,-0.0468645859098085
4.96,-25.3000697046216,-8.66732495641826,11.7306106356139,-0.8441904425778,2.71656798669462,0.0447264209949221,0.0826831650120241,0.073499999998268,-0.0468680565755395
4.968,-27.1399463130887,-9.11368442234195,12.9716173079363,-0.806484928791565,2.9426028023569,0.199758010254674,0.082677424451927,0.073499999998268,-0.04687154242912
4.976,-27.7674438439527,-10.6388967955751,14.7961801772375,-0.988566858433904,2.96042745246991,0.311472762851662,0.0826716931270456,0.073499999998268,-0.0468750434461889
4.984,-25.8052355658822,-11.863988146007,15.5158305685699,-1.09755422774332,2.7247131301297,0.396351413922602,0.0826657870877836,0.0734999999982625,-0.0468786730086237
4.992,-28.3694809891105,-12.9156271590718,16.0532141719017,-1.1345010451743,3.06547085862733,0.412858288028437,0.0826597073045289,0.0734999999982514,-0.0468824325967202
5,-26.7972421715918,-14.0955685837844,17.157800298364,-1.17227848348433,2.85876360235272,0.632410745165234,0.0826536381238279,0.0734999999982403,-0.0468862092768365
5.008,-25.1633836529144,-16.3085238117795,18.4851746009155,-1.36244265854209,2.62625552250351,0.718907633798145,0.0826475795937313,0.0734999999982292,-0.0468900030190721
5.016,-27.7555523468091,-17.6423856029032,19.2386630315448,-1.43037663821829,2.8992332694886,0.71983658850465,0.082641531762205,0.0734999999982181,-0.0468938137933915
5.024,-25.5782387051918,-18.6915194892373,20.0440529174847,-1.60275250061877,2.56029681006156,0.716373840595617,0.0826354946771311,0.073499999998207,-0.0468976415696243
5.032,-27.6022095422489,-18.0625251005035,19.373271866544,-1.43462138019315,2.84034986705376,0.667123214991638,0.0826294683863053,0.0734999999981959,-0.0469014863174657
5.04,-25.0257569230662,-15.8661955318131,19.1669044054205,-1.18866945747044,2.48315250373373,0.451527361348812,0.0826234529374384,0.0734999999981848,-0.0469053480064762
5.048,-23.9930366664194,-15.4159635543778,20.0391834801026,-1.21342795216108,2.32524142070565,0.554165566002133,0.0826174483781557,0.0734999999981737,-0.0469092266060823
5.056,-22.8190188963337,-13.8294625201551,17.7371306264786,-0.987590817556917,2.25611766579176,0.566898304871791,0.0826114547559963,0.0734999999981626,-0.0469131220855765
5.064,-22.777792521916,-10.6583825912927,18.0936257565008,-0.63857868371314,2.2399518943268,0.606693382208578,0.0826054721184122,0.0734999999981515,-0.0469170344141182
5.072,-21.8515100884506,-7.71108747034514,18.0049215951603,-0.348633610629919,2.09880612434656,0.509966646349489,0.0825995005127685,0.0734999999981404,-0.0469209635607328
5.08,-22.7792938282873,-5.41434338828105,16.7290596969208,-0.13521119874514,2.22164197910775,0.598327809888923,0.0825935399863433,0.0734999999981293,-0.0469249094943127
5.088,-24.0095114929613,-4.43172358605891,15.5827137060906,-0.0360820298599027,2.42910208837577,0.57993632199496,0.082587590586327,0.0734999999981182,-0.0469288721836176
5.096,-26.0160860693154,-3.8740568850452,15.5339776133359,-0.0585842123186959,2.63466078951459,0.563967248557668,0.0825816523598216,0.0734999999981071,-0.0469328515972743
5.104,-24.3564400714198,-1.26783838248611,15.6917901389019,0.209418160857443,2.38383264846891,0.63944063451337,0.0825757253538407,0.073499999998096,-0.0469368477037772
5.112,-25.7109002013751,0.635559120237504,14.9421599930241,0.307457508495854,2.55236474636245,0.658051744280371,0.0825698096153091,0.0734999999980849,-0.0469408604714889
5.12,-22.0817165360383,2.16896518183697,14.7751125796881,0.465990768952717,2.1121803979525,0.559615205857209,0.0825639051910626,0.0734999999980738,-0.0469448898686397
5.128,-22.5942631543151,3.2490452329399,13.7069081819262,0.545599230962818,2.22561723751953,0.578862736256629,0.0825580121278472,0.0734999999980627,-0.0469489358633282
5.136,-21.5684360668088,3.81373831444357,13.158941043071,0.560189157881155,2.13646484641442,0.519604894098927,0.0825521304723187,0.0734999999980516,-0.046952998423522
5.144,-20.2859439956766,4.7088965914014,11.7414580813552,0.609679474929542,2.04312364186098,0.508571207209773,0.0825462602710435,0.0734999999980405,-0.0469570775170571
5.152,-18.8095974247676,5.51279921654643,10.2557390807982,0.647432088106518,1.94192883058219,0.428976591133885,0.0825404015704961,0.0734999999980294,-0.046961173111639
5.16,-17.7818660296853,6.17669465429623,9.35651713456805,0.643113118236652,1.84649926235767,0.473956798669983,0.0825345544170608,0.0734999999980182,-0.0469652851748423
5.168,-17.5012786665028,6.4626996502317,8.63854607645058,0.663234079133111,1.86406208460911,0.476210600200341,0.0825287188570304,0.0734999999980071,-0.0469694136741112
5.176,-15.5242280813774,10.0304777349992,7.06335824442252,1.0037821655907,1.61525472264097,0.423021541116927,0.0825228949366058,0.073499999997996,-0.04697355857676
5.184,-15.5732797485494,10.9472538066692,6.16608307375776,1.06117396529217,1.62944409960032,0.478251491079658,0.0825170827018953,0.0734999999979849,-0.0469777198499729
5.192,-15.8421420335817,11.658848669614,5.58879676916676,1.13601387192779,1.68958669188151,0.492405351241173,0.0825112821989152,0.0734999999979738,-0.0469818974608047
5.2,-15.4147538255328,12.1091237022965,5.78937051201256,1.19970951197106,1.62108833685877,0.439530291507757,0.0825054934735891,0.0734999999979627,-0.0469860913761807
5.208,-14.0019511143833,13.2924363801336,5.76933864408246,1.3273285866033,1.43036825514634,0.465625946632324,0.0824997165717468,0.0734999999979516,-0.0469903015628972
5.216,-16.8407155959016,13.0742356075774,6.19817685597447,1.29298691350772,1.69445913508608,0.448065504354748,0.0824939515391249,0.0734999999979405,-0.0469945279876214
5.224,-16.8075229383656,13.1849484664109,5.38121451191468,1.28195959112959,1.73476409328999,0.478496920882448,0.0824881984213657,0.0734999999979294,-0.0469987706168923
5.232,-13.8681765678981,11.8539908953271,3.97633219800827,1.19132601213741,1.48211619438113,0.402787065877541,0.0824824572640173,0.0734999999979183,-0.0470030294171205
5.24,-9.30011624527156,9.13562000444744,1.38131412205792,0.901828980227148,1.08782488903554,0.287751654722644,0.0824767281125334,0.0734999999979072,-0.0470073043545885
5.248,-7.08040713348105,5.34007479845542,-1.75771727670469,0.50325913999906,0.99945885154187,0.170054351345508,0.0824710110122723,0.0734999999978961,-0.0470115953954512
5.256,-5.09419408326451,1.72151166728946,-1.40706740433547,0.158010207954828,0.715448247018295,0.0582825850905739,0.0824653060084968,0.073499999997885,-0.0470159025057359
5.264,-5.19847367966189,0.0731620419678494,-2.63167915977813,-0.0310977171515687,0.774993842282789,0.0274014002803838,0.0824596131463743,0.0734999999978739,-0.0470202256513426
5.272,-5.16254456484952,0.378139241667458,-3.06045361972605,-0.0251897263021165,0.743406877971822,0.0464099729768924,0.0824539324709757,0.0734999999978628,-0.0470245647980444
5.28,-4.07111047762493,0.646576230969217,-2.37086883301057,0.0593329843429263,0.614600741288144,-0.00295742503896156,0.082448264027276,0.0734999999978517,-0.0470289199114878
5.288,-4.68287015433,1.12573446038774,-2.87742552665214,0.110190843856595,0.730874089157277,-0.00824889946086447,0.0824426078601527,0.0734999999978406,-0.0470332909571929
5.296,-6.96070706104234,1.77395414177734,-2.71759115776743,0.197314069245676,0.993172612846116,-0.0170696248943031,0.0824369640143865,0.0734999999978295,-0.0470376779005533
5.304,-5.7059310464272,1.11046559843256,-2.62695213572485,0.128174453408759,0.831468929316182,-0.0220436288055198,0.0824313325346601,0.0734999999978184,-0.0470420807068373
5.312,-6.27148490328433,-0.472089110361478,-3.72794291307406,-0.0808476245661422,0.947197499565132,0.0302074492111306,0.0824257134655591,0.0734999999978073,-0.0470464993411873
5.32,-4.50734017374265,-0.399332003837494,-3.4638249368258,-0.0456167766463829,0.718769565898655,0.0205749839875915,0.0824201068515699,0.0734999999977962,-0.0470509337686203
5.328,-5.63023446425935,-0.720245071258586,-4.24685268756567,-0.0805486909040779,0.869542533720081,0.0410536271294202,0.0824145127370812,0.0734999999977851,-0.0470553839540286
5.336,-5.73193321206536,0.380532593243852,-3.25249926969201,0.0529077919410671,0.847687214596161,0.0547808858190675,0.0824089311663818,0.073499999997774,-0.0470598498621793
5.344,-6.46712118493019,0.510293299532693,-3.52053809855929,0.0764837539106034,0.927089186109814,-0.000422699191677655,0.0824033621836622,0.0734999999977629,-0.0470643314577155
5.352,-6.08811545314203,1.63421895635954,-3.00306659899505,0.167934259901631,0.86067970845176,0.072767648305318,0.0823978058330124,0.0734999999977518,-0.0470688287051557
5.36,-7.77522191958961,1.66692757581237,-3.33168231607867,0.102427881616207,1.0685625166055,0.00396531751660905,0.0823922621584226,0.0734999999977407,-0.0470733415688946
5.368,-8.91756985632279,1.87895235434348,-4.25352112920418,0.0504247225976842,1.2399940268558,0.0107560173527206,0.0823867312037833,0.0734999999977296,-0.0470778700132036
5.376,-8.10272222343386,1.72575343710015,-3.07823433778149,0.156222440993444,1.10947678444554,-0.00355504390762227,0.0823812130128833,0.0734999999977185,-0.04708241400223
5.384,-7.1547633772721,3.31572608556033,-4.33891967562443,0.323086150967021,1.09316456725635,0.0860914918162516,0.0823757076294109,0.0734999999977074,-0.0470869734999987
5.392,-7.54948941200305,3.03372521470109,-2.13611572823014,0.256060925079151,0.980463681192446,0.037476500196625,0.0823702150969527,0.0734999999976963,-0.0470915484704116
5.4,-7.31520221488826,3.15445504085306,-2.77988506491695,0.297683271496184,1.00084987258894,0.0665347837981676,0.0823647354589941,0.0734999999976852,-0.047096138877248
5.408,-7.24970468199454,3.20744486174119,-3.48686190692822,0.318608819154721,1.01663485302456,0.0420938188883962,0.0823592687589181,0.0734999999976741,-0.0471007446841653
5.416,-6.9636391341719,2.37868639713473,-3.12948962965917,0.199796619646547,0.961885297206994,0.0191648838437193,0.0823538150400049,0.073499999997663,-0.0471053658546985
5.424,-7.17775044066028,2.22368324045657,-3.75841816631138,0.181401421563816,1.02127292964319,-0.0278685528017555,0.0823483743454326,0.0734999999976519,-0.0471100023522614
5.432,-7.53557696059706,3.56999091692849,-3.51539208706848,0.348360691125523,1.00007398510627,-0.0348737601260788,0.0823429467182755,0.0734999999976408,-0.0471146541401463
5.44,-6.15055725401074,2.56804658470121,-2.95836088548109,0.219672268630932,0.857380237564655,-0.0356023338467554,0.0823375322015051,0.0734999999976297,-0.0471193211815242
5.448,-5.64784570508133,0.714204126420818,-3.43185548313077,0.0407331581860602,0.830197709484783,0.0140973845144702,0.0823321308379884,0.0734999999976186,-0.0471240034394457
5.456,-5.81375234110508,1.84801702580154,-4.09708015015021,0.159025034887529,0.859952134636356,-0.00362789494042561,0.0823267426704892,0.0734999999976075,-0.0471287008768408
5.464,-6.41740220445091,3.45942129381449,-2.2980743381461,0.307700610590415,0.845783875386545,0.0123320281437281,0.0823213677416664,0.0734999999975964,-0.0471334134565194
5.472,-7.25401385928013,3.46340048508317,-3.32010322615696,0.317855634186216,0.990584207231046,-0.00680180231995989,0.0823160060940731,0.0734999999975853,-0.0471381411411713
5.48,-6.59705122003983,2.76605586413525,-3.2387149324038,0.228785855613255,0.890003166391195,0.0518262009763993,0.0823106577701587,0.0734999999975742,-0.0471428838933668
5.488,-5.53463486184514,3.23368186682192,-1.87791245642342,0.272196186332501,0.713310105435591,0.0437130041357754,0.0823053228122664,0.0734999999975631,-0.0471476416755569
5.496,-6.00555224407039,3.04787651760019,-2.59612878453294,0.237584644877953,0.788474624084707,0.0329171351572407,0.0823000012626339,0.073499999997552,-0.047152414450074
5.504,-5.80215073224532,3.00198844193232,-2.3324254461765,0.246665884670549,0.764068485738251,-0.00854690149074173,0.0822946931633924,0.0734999999975409,-0.047157202179131
5.512,-6.28834132435316,3.32312016473244,-2.68076015613346,0.255967258713308,0.823823405930208,0.0449412717085782,0.082289398556567,0.0734999999975297,-0.0471620048248231
5.52,-5.57933399969092,2.520313045006,-3.49143332017874,0.187894503124375,0.796026875706271,0.0315044915835348,0.0822841174840754,0.0734999999975186,-0.0471668223491272
5.528,-5.65806958431932,3.08923929037913,-2.67522901210151,0.242266219147161,0.764768282213563,0.0194616741769165,0.0822788499877287,0.0734999999975075,-0.0471716547139022
5.536,-4.58301825761891,2.03150297343201,-2.6753414649327,0.138544032301422,0.618695100191726,0.110708305954278,0.0822735961092304,0.0734999999974964,-0.0471765018808899
5.544,-5.4318810778307,2.6777452315187,-2.2708877770326,0.182058295131144,0.685908266631921,0.0900784936699522,0.082268355890176,0.0734999999974853,-0.0471813638117143
5.552,-5.7260504782679,2.99601492558884,-2.09416550216244,0.212209083803437,0.716490994182587,0.0795283332220174,0.0822631293720528,0.0734999999974742,-0.0471862404678833
5.56,-5.96364846765628,2.82746086237201,-2.83723527321017,0.186789073673176,0.72658298041762,0.113954013284693,0.0822579165962399,0.0734999999974631,-0.0471911318107875
5.568,-7.11862898554834,3.29277572146726,-0.79274073308698,0.208515209381823,0.766446303335218,0.0795926448393876,0.0822527176040077,0.073499999997452,-0.0471960378017019
5.576,-6.84881118090737,3.09662437459791,-1.73912321111966,0.182291196052191,0.789560792542291,0.13690147782104,0.0822475324365172,0.0734999999974409,-0.0472009584017847
5.584,-8.35634929744344,2.64006758669577,-3.57937964650474,0.207325483934718,1.06824762695662,0.066802797129863,0.0822423611348197,0.0734999999974298,-0.0472058935720794
5.592,-8.56955978656518,2.24530832936384,-1.32363147981505,0.0956446586700139,0.930715784720436,0.0402038360317667,0.0822372037398575,0.0734999999974187,-0.0472108432735133
5.6,-8.75750052504886,3.31842123850321,-0.99905521874168,0.197543718895635,0.914195000686596,0.114048673283427,0.082232060292462,0.0734999999974076,-0.0472158074668989
5.608,-9.26941535069174,3.50218583531715,-1.67695626461509,0.261270976824734,0.959608162641254,0.0838478048607824,0.0822269308333546,0.0734999999973965,-0.0472207861129345
5.616,-9.28818928914135,2.17421117855432,-0.669317848111433,0.127422668335841,0.940521511666021,0.0712747831150306,0.0822218154031459,0.0734999999973854,-0.0472257791722031
5.624,-8.36681961399706,2.18157014950661,-0.988039726877087,0.141232030136705,0.851350314577802,0.0741702660677795,0.0822167140423352,0.0734999999973743,-0.0472307866051742
5.632,-8.27260752008739,1.23922270246436,-0.872645925166102,0.0645760253766796,0.838284351404669,0.0404656992647977,0.082211626791311,0.0734999999973632,-0.0472358083722035
5.64,-8.02797285758838,0.416870363763243,-1.32895596152655,-0.021488411678903,0.839752540156304,0.0130129364669565,0.0822065536903493,0.0734999999973521,-0.0472408444335329
5.648,-8.354513154547,0.324967242335076,-1.33338303801996,-0.0189211826385828,0.887636907493824,-0.0113696469522544,0.0822014947796148,0.073499999997341,-0.0472458947492914
5.656,-6.96721716237991,0.112252530628362,-1.09617902784366,-0.0458041392886333,0.716420099501391,-0.01921857471386,0.0821964500991592,0.0734999999973299,-0.0472509592794949
5.664,-7.33338116435577,-0.585965932638673,-1.54713399252126,-0.113693603408558,0.781327992762655,-0.0405443700338241,0.082191419688922,0.0734999999973188,-0.0472560379840469
5.672,-6.00883803521238,-1.12434769889941,-1.60343122136612,-0.1572977197823,0.641930056968532,-0.05364659653329,0.0821864035887294,0.0734999999973077,-0.0472611308227386
5.68,-5.75285943814681,-0.84494476022794,-1.35321981263336,-0.128740684225424,0.610188723790877,-0.0466600535714705,0.082181401838295,0.0734999999972966,-0.0472662377552496
5.688,-5.1569461297848,-1.19358698048894,-1.77086779212184,-0.161022269357333,0.580586423027669,-0.0427496924502639,0.0821764144772177,0.0734999999972855,-0.0472713587411475
5.696,-4.08864018246715,-0.773820409504648,-3.80538174809659,-0.0901138252599322,0.631818674664754,-0.0376338362934947,0.0821714415449835,0.0734999999972744,-0.0472764937398889
5.704,-3.19283106379626,-2.03989942152847,-3.51803290337343,-0.246708570286567,0.536814784023848,-0.0667033831921215,0.0821664830809635,0.0734999999972633,-0.0472816427108193
5.712,-3.20829733042789,-1.67920892285818,-3.07554725713725,-0.205294871395456,0.499992304349907,-0.0675419500604631,0.0821615391244143,0.0734999999972522,-0.0472868056131739
5.72,-4.67278721739309,0.0343544434246182,-3.26219214424399,-0.047676376320458,0.678170117515698,-0.0414663203968188,0.0821566097144781,0.0734999999972411,-0.047291982406077
5.728,-4.62421182395304,1.67200181407213,-3.32168158083949,0.132337230938312,0.699132992471163,-0.0126438632937716,0.0821516948901816,0.07349999999723,-0.0472971730485434
5.736,-4.4052594339743,3.18546946884407,-2.48655475064382,0.241949681639419,0.613781191494833,-0.0511205189266454,0.082146794690436,0.0734999999972189,-0.0473023774994783
5.744,-5.64981851718385,2.53930560069278,-3.7434067844803,0.176411592458541,0.856586034232247,-0.0918277114702105,0.0821419091540368,0.0734999999972078,-0.0473075957176772
5.752,-5.3095620967152,4.05178902840647,-4.01616197331859,0.348524389966417,0.836123639267885,0.10291901037818,0.0821370383196634,0.0734999999971967,-0.047312827661827
5.76,-6.18423053986613,5.13609988554881,-2.00359771123951,0.40515173411512,0.790319120109964,0.0257667399332906,0.0821321822258785,0.0734999999971856,-0.0473180732905058
5.768,-6.09363467826127,5.54120585047735,-2.1683225279483,0.438422183755694,0.80345929223751,0.0150655992873778,0.082127340911129,0.0734999999971745,-0.0473233325621832
5.776,-7.05878331701857,7.13460678275012,-1.8707499175602,0.581156469161637,0.895855260919375,0.0575755440116091,0.0821225144137439,0.0734999999971634,-0.0473286054352208
5.784,-7.23247141703236,8.78573939375494,-2.02730745112665,0.746940608710813,0.935762304638652,0.067226212965099,0.0821177027719348,0.0734999999971523,-0.0473338918678729
5.792,-7.37421623008643,9.27114575948455,-1.23055192839421,0.79929892365475,0.900090808532165,0.0264305908365212,0.0821129060237965,0.0734999999971412,-0.0473391918182859
5.8,-8.03102002820383,9.8044205148047,-0.672267770318589,0.847466346183404,0.931030091717991,0.0468779770058675,0.0821081242073054,0.0734999999971301,-0.0473445052444995
5.808,-8.41405001734468,11.6332077979317,-0.420962610701364,1.05674633245359,0.954523383918443,0.112959366601395,0.0821033573603197,0.073499999997119,-0.0473498321044466
5.816,-8.55192163915937,11.8560302942011,-0.405708739834778,1.08086524957383,0.978849132648546,0.0731271733510327,0.082098605520579,0.0734999999971079,-0.0473551723559538
5.824,-7.9434713727564,12.0983304741229,-0.846427033755685,1.14196069183337,0.930141153906857,0.10942947375246,0.0820938687257044,0.0734999999970968,-0.0473605259567418
5.832,-8.84369687587298,11.5483226675053,-0.245057069910134,1.05899910394653,0.993201668025685,0.06689234887429,0.0820891470131977,0.0734999999970857,-0.0473658928644255
5.84,-8.31036490926845,12.8129427220256,-0.445530070867337,1.20415943571505,0.951936548044905,0.0866788955457311,0.0820844404204411,0.0734999999970746,-0.0473712730365143
5.848,-8.75470023303195,14.6938099282787,-0.307303533405754,1.36982843181131,0.996954543295803,0.118945386200291,0.0820797489846972,0.0734999999970635,-0.0473766664304128
5.856,-8.33964513029292,16.5452248370923,-0.350971590160882,1.55497602017584,0.970235810477978,0.152078493756545,0.0820750727431091,0.0734999999970524,-0.0473820730034207
5.864,-9.32452757230798,17.8291537661761,-0.672484793806387,1.69321938515831,1.11097473246166,0.162952235332454,0.0820704117326987,0.0734999999970413,-0.0473874927127337
5.872,-9.36818695326725,18.7660642883929,-0.0915030598058114,1.77968574181022,1.07169858527948,0.172950626362483,0.0820657659903681,0.0734999999970301,-0.047392925515443
5.88,-9.4039835096047,19.9795289903447,-0.294246560383281,1.89869612158291,1.09810974770413,0.203274619917658,0.0820611355528981,0.073499999997019,-0.0473983713685367
5.888,-10.0420921515266,21.8365564851838,-0.406462547701754,2.12467471938047,1.17072178808743,0.201229613595285,0.0820565204569485,0.0734999999970079,-0.0474038302288993
5.896,-8.8865232496384,22.0723540893713,-0.0700874963064025,2.12643631900815,1.03823230701485,0.250637597967722,0.0820519207390575,0.0734999999969968,-0.0474093020533121
5.904,-9.1230995746137,22.5690590257215,-0.145793179947229,2.17839836526805,1.05923150719574,0.268577177988589,0.0820473364356418,0.0734999999969857,-0.0474147867984543
5.912,-10.7131150956117,22.3546868936408,-0.574423838316677,2.20371503511223,1.26485633461991,0.231098522934774,0.0820427675829957,0.0734999999969746,-0.0474202844209022
5.92,-11.156399523765,24.174328620523,0.675000235982659,2.3762183706238,1.25967108684675,0.19743784975256,0.0820382142172915,0.0734999999969635,-0.0474257948771306
5.928,-12.8907548533616,25.7652067429536,1.64987164714661,2.48698087871222,1.47279249749037,0.0711082706376963,0.0820336763745787,0.0734999999969524,-0.0474313181235125
5.936,-12.5234602780552,25.7942596083738,2.12846084871562,2.47405606531418,1.42421710054631,0.0260286430886998,0.0820291540907837,0.0734999999969413,-0.0474368541163196
5.944,-13.1100818163494,26.8084393804189,2.17156421185106,2.59290406402228,1.48653414405976,0.0626592253038413,0.0820246474017105,0.0734999999969302,-0.047442402811723
5.952,-13.3114653792327,27.0391697505777,2.65164746397992,2.62418148668336,1.4798415668473,0.035883252618862,0.0820201563430388,0.0734999999969191,-0.0474479641657928
5.96,-12.0523709585814,28.855321822389,2.16836517236618,2.7708815148104,1.39621091664564,0.14406583394557,0.082015680950325,0.073499999996908,-0.0474535381344991
5.968,-11.7233093080623,28.4572461013249,2.22147997751697,2.72633510558929,1.34567255623067,0.13598876245643,0.082011221259001,0.0734999999968969,-0.047459124673712
5.976,-12.3463341442789,26.6481694154438,1.91438022257785,2.53428844117082,1.43192959448522,0.0705868447343737,0.0820067773043751,0.0734999999968858,-0.0474647237392025
5.984,-11.3094489902985,26.8224736845697,1.23297972743892,2.57649140039892,1.32599192724764,0.173448797439397,0.0820023491216305,0.0734999999968747,-0.0474703352866418
5.992,-11.2920585196688,27.1870849028603,1.36694516396904,2.63076214964646,1.30348067244365,0.181834055338256,0.081997936745826,0.0734999999968636,-0.0474759592716027
6,-10.8998906254341,25.4578264557564,0.404222896264024,2.46421447516986,1.28268437274294,0.202211597007196,0.0819935402118945,0.0734999999968525,-0.0474815956495594
6.008,-10.0851957727711,26.2617253490299,-0.0633217780888258,2.570004352224,1.20967425944371,0.263700121178147,0.0819891595546439,0.0734999999968414,-0.047487244375888
6.016,-9.39567975295901,26.7904368773528,-0.0538062102553445,2.63186447978384,1.11151344485891,0.32939953206925,0.0819847948087566,0.0734999999968303,-0.0474929054058667
6.024,-10.1065550942344,26.1943015077906,-0.491172116394239,2.58415965167241,1.22175546876165,0.281274708551565,0.0819804460087888,0.0734999999968192,-0.0474985786946767
6.032,-9.95461350772706,27.6061210951451,-0.353531934435165,2.72126582984318,1.19156067335015,0.358515020471829,0.0819761131891703,0.0734999999968081,-0.0475042641974018
6.04,-10.2788140082288,27.1200837677402,-0.214588705350647,2.6672786394216,1.21491457908515,0.334781977220596,0.0819717963842051,0.073499999996797,-0.0475099618690291
6.048,-10.2425767932014,27.6148693350454,-0.0800552246337329,2.72549443272277,1.20111138706966,0.344695371483796,0.0819674956280691,0.0734999999967859,-0.0475156716644495
6.056,-10.7940960605534,27.9308053726051,0.0311398949912493,2.74344501292374,1.2539330700773,0.335439849402158,0.0819632109548125,0.0734999999967748,-0.0475213935384577
6.064,-10.9956865243346,29.6498447932808,-0.321792260794186,2.93942903518642,1.31702425466083,0.390987522616442,0.0819589423983573,0.0734999999967637,-0.0475271274457529
6.072,-11.1199967337838,30.2005069235334,0.364331825644328,2.97760685343872,1.27272680400567,0.408386239936125,0.0819546899924985,0.0734999999967526,-0.0475328733409392
6.08,-11.1195798990524,30.7928168496243,0.297618488211731,3.02954749785233,1.28749724506433,0.412308622296073,0.0819504537709026,0.0734999999967415,-0.0475386311785257
6.088,-11.5109878209396,30.8651309036468,0.573856096828872,3.03283003156262,1.30513856959985,0.412808488988783,0.0819462337671085,0.0734999999967304,-0.0475444009129268
6.096,-11.0590696224489,30.5264056748075,0.54256129430751,2.99662566791942,1.25632018584001,0.42204520446154,0.0819420300145263,0.0734999999967193,-0.0475501824984626
6.104,-11.1129718457794,31.2539305988476,0.694418806076717,3.05229430744661,1.25673081099991,0.443224838626459,0.0819378425464377,0.0734999999967082,-0.04755597588936
6.112,-10.8812575336862,31.7940531057273,0.874843020455471,3.10921777618751,1.22353236213494,0.47340562342612,0.0819336713959957,0.0734999999966971,-0.0475617810397516
6.12,-10.4136925243786,31.565310336658,0.928532435850877,3.0862005774915,1.17944987609035,0.466225407904036,0.0819295165962232,0.073499999996686,-0.0475675979036775
6.128,-10.6703568487284,32.0458695481646,0.854119049283793,3.12277469589614,1.21506860776939,0.479288100872034,0.0819253781800148,0.0734999999966749,-0.0475734264350849
6.136,-10.4726025572118,31.7885086061128,1.10069978735522,3.08923905972271,1.17259882685175,0.505953160230025,0.0819212561801346,0.0734999999966638,-0.0475792665878284
6.144,-10.2740669451885,32.6513462029213,1.04403405554276,3.1711854999093,1.1622706332932,0.558997075321775,0.0819171506292167,0.0734999999966527,-0.0475851183156709
6.152,-10.2566506089001,32.3498804228822,1.31409892845208,3.12099840226407,1.1412375260416,0.545666145832181,0.0819130615597657,0.0734999999966416,-0.0475909815722838
6.16,-10.2320617004072,32.8636380535323,1.56659772974138,3.17177240247397,1.12851940333792,0.562472773957569,0.0819089890041553,0.0734999999966305,-0.0475968563112465
6.168,-10.6612995174918,33.2439757486555,1.64869312392743,3.17503880993115,1.17264589085879,0.583025158360492,0.0819049329946282,0.0734999999966194,-0.0476027424860484
6.176,-10.7042053133827,33.2286679213949,2.02607895597143,3.17239629140771,1.15476474748761,0.575157287548357,0.0819008935632966,0.0734999999966083,-0.0476086400500878
6.184,-10.5207054083376,34.0413824405866,2.07862249312845,3.23698592144768,1.13917328687199,0.609802286539698,0.0818968707421406,0.0734999999965972,-0.0476145489566727
6.192,-10.5115101968083,34.3581109784876,2.10426887312796,3.2539330687765,1.13523752409404,0.636069230325226,0.08189286456301,0.0734999999965861,-0.0476204691590218
6.2,-10.2663295675684,34.6410653179579,2.29551344147578,3.28906924944641,1.10188583604488,0.631744072116304,0.0818888750576219,0.073499999996575,-0.0476264006102642
6.208,-10.2059535195036,34.940295237317,2.46602091386337,3.30932162537753,1.08288279992866,0.661841375742892,0.0818849022575616,0.0734999999965639,-0.0476323432634397
6.216,-10.134897146495,35.5037072094725,2.5934324670252,3.36010054990784,1.06699546658634,0.694432317641828,0.0818809461942825,0.0734999999965528,-0.0476382970714995
6.224,-10.038901405314,35.7377283179444,2.68903137292525,3.36426275826167,1.06191418513713,0.714884958081234,0.0818770068991053,0.0734999999965417,-0.0476442619873069
6.232,-10.2602177261972,35.2487525668319,3.06761685111357,3.30900157744576,1.05856784661029,0.692050435970139,0.0818730844032177,0.0734999999965305,-0.0476502379636367
6.24,-10.0314165223194,35.5119086972802,3.13139673282411,3.31516125120564,1.04380827031138,0.691095391630664,0.0818691787376748,0.0734999999965194,-0.0476562249531763
6.248,-10.1402850361086,36.1160259783555,3.4918456697275,3.35586798136487,1.02704703470729,0.741110899012522,0.0818652899333979,0.0734999999965083,-0.0476622229085262
6.256,-9.92491456993527,36.461407530809,3.82168362858584,3.38196653533731,0.987018258010198,0.769506679905897,0.0818614180211753,0.0734999999964972,-0.0476682317821996
6.264,-9.86914127496555,36.6148227053461,4.00234290137804,3.37873793501678,0.971523903827554,0.7938881237339,0.0818575630316616,0.0734999999964861,-0.0476742515266235
6.272,-9.7610121356782,37.1079254652157,3.91859274437828,3.42093332607418,0.97432919882317,0.820748385339406,0.0818537249953769,0.073499999996475,-0.047680282094139
6.28,-9.45698785277618,36.9024246685482,4.64830844993146,3.36681658046208,0.891394892071263,0.846081672995985,0.0818499039427077,0.0734999999964639,-0.0476863234370013
6.288,-9.29072946683925,36.9698443414229,4.71623504571745,3.36456353903183,0.874979123130284,0.873725740482389,0.0818460999039055,0.0734999999964528,-0.0476923755073803
6.296,-9.1465986795842,36.964859628515,5.21501622504807,3.33648873984795,0.820895283849446,0.876984743991965,0.0818423129090875,0.0734999999964417,-0.0476984382573611
6.304,-8.5012669907775,36.019344940271,5.2637364345953,3.21559248743972,0.747161217291656,0.890476676400238,0.0818385429882357,0.0734999999964306,-0.0477045116389441
6.312,-8.45180614289497,36.0330938148204,5.81047818189687,3.18114309150168,0.744158202421519,0.886632769979549,0.0818347901711969,0.0734999999964195,-0.0477105956040457
6.32,-7.83860334636368,35.3658173323401,6.55122084465629,3.04695243880601,0.639915384512305,0.916925219003722,0.0818310544876829,0.0734999999964084,-0.0477166901044982
